8800	5064.5	8800	8800	8800	8800	8800	8800	8800	8800	8800	8800	8800	8800	8800	8800	8800	8800	8800	8800	8800	8800	8800	8800	8800	8800	8800	8800	8800	8800	8800	8800	8800	8800	8800	8800	8800	8800	8800	8800	8800	8800	8800	8302.5	5960.7	4251.6	1390.3	3258.7	2851.7	2588.5	2723.1	7496	8800	8800	8800	8800	8800	8800	8800	8800	8800	8800	8800	8800	8800	8800	8800	7141.8	3347.9	3467.9	6494.6	8800	8800	8800	8800	8800	8800	8800	8800	8800	8800	8800	8800	8800	8800	8800	8800	8800	8800	8800	8800	8800	8800	8800	8800	8800	8800	8800	8800	8726.1
8800	8800	8800	8800	8800	8800	8800	8800	8800	8800	8800	8800	2717.9	2595	2748.1	8800	8800	8800	8800	8800	8800	8800	8800	8800	8800	8800	8800	8800	8800	8800	8800	8800	8800	8800	8800	8800	8800	8800	8800	8800	8800	8800	8800	8800	8800	8800	8800	8800	8800	8800	8800	8800	8800	8800	8800	8800	8800	8800	8800	8800	8800	8800	8561	3712.7	3544.3	3355.9	2002.4	1227.3	6332.2	8800	8800	8800	8800	8800	8800	8800	8800	8800	8800	8800	8800	8800	8800	8800	8800	8800	8800	8800	8800	8800	8800	8800	8800	8800	8800	8800	8800	8800	8800	8800
8800	8800	8800	8800	8800	8800	8800	8800	8800	8800	8800	8800	8800	8800	8800	8800	8800	8800	8800	8800	8800	8800	8800	8800	8800	8800	8800	8800	8800	8800	8800	8800	8800	8800	8800	8800	8800	8800	8800	8800	8800	8800	8800	8800	8800	8800	8800	8800	8800	8800	8800	8800	8800	8800	1862.4	6106.4	8800	8800	8800	8800	8800	8800	8800	8800	8800	8800	8800	8797.2	7779.4	6478.1	4199.8	4385.7	4711	4245.7	3860.2	2973.6	3434	2644.5	6364.7	5943.5	6877.5	5487.1	5722.6	3718.4	5400.9	4382.9	4677.4	5032.5	4752.3	3543.9	3845.3	4016.5	3492.7	2313.8	2676.3	3378.5	3933.1	4145.4	4639.8	5849.8
1575.1	8800	8198.8	8800	8800	8800	8800	8800	8800	8800	8800	8800	8800	8800	8800	8800	8800	5011.6	1544.1	1454.4	5596.3	8800	8800	8800	8800	8800	8800	8800	8800	8800	8800	8800	8800	8800	8800	8800	8800	8800	8800	8800	8800	8800	8800	8800	8800	8800	8800	8800	8800	8800	8800	8800	8800	8800	8800	8800	8800	8800	8800	8800	8800	8800	8800	8800	8800	8800	8800	8800	8800	8800	8800	8800	8800	8800	8800	8800	8800	8800	8800	8800	8800	8800	8800	8800	8800	8800	8800	8800	8800	8800	8800	5485.6	5314.1	3329.2	2971.1	2824.2	2827.2	4138.3	5884.5	8800
6224.9	8800	8800	8800	8800	8800	8800	8800	8800	8800	8800	8800	8800	8800	8800	8800	8800	6016.5	6301.7	3580.4	3082.6	2537.5	3466.8	4652.4	8077.1	8800	8800	8800	8800	8800	8800	8800	8800	8800	8800	8800	8800	8800	8800	8800	8800	8800	8800	8800	8800	8800	8800	8800	8800	8800	8800	8800	8800	8800	8800	8800	8800	8800	8800	8800	8800	8800	8800	8800	8800	8800	8800	8800	8800	8800	7204.8	3943.1	600.43	951.78	4588	5319.1	8800	8800	8800	8800	8800	8800	8800	8800	8800	8800	8800	8800	8800	8800	8800	8800	8800	8800	8800	8800	8800	8800	8800	8800
3956.9	7700.9	8800	8800	8800	8800	6988.4	4231.6	8131.3	8800	8800	8800	8800	8800	8800	8800	8800	8800	8800	8800	8800	8800	8800	8800	8800	8800	8800	8800	8800	8800	8800	8800	8800	8800	8800	8800	8800	8800	8800	8800	8800	8800	8800	8800	8800	8800	8800	8800	8800	8800	8800	8800	8800	8800	8800	8800	8800	8800	8800	8800	8800	8800	8800	8800	8800	8800	8800	8800	8800	8800	8800	8800	8800	8800	8800	8800	8800	8800	8800	8800	8800	7089	4569.5	6048.2	5562.1	6216.6	5198.1	5538.1	4428.6	5637.6	6703.3	8800	8800	8800	8800	8800	8800	8800	7184.2	6472.9
8675.6	7240.4	8800	8800	8800	8800	8800	8800	8800	8800	8800	8800	8800	8800	8800	8800	8800	8800	8800	8800	8800	8800	8800	8800	8800	8800	8800	8800	8800	8800	8800	8800	8800	8800	8800	8800	8800	8800	8800	8800	8800	8800	8800	8800	8800	8800	8800	8800	8800	8800	8800	8800	8800	8800	8800	8800	8800	8800	8800	8800	8800	8800	8800	8800	8800	8800	8800	8800	7814.3	5512.4	7804.4	5213.7	6258.5	8278	8800	8524.9	8800	8800	8658.2	8800	8800	8800	8800	8800	8800	8800	8800	8800	8800	8800	8800	8800	8800	8800	8800	8800	8800	8027.8	3966.6	3917.8
8800	8800	8800	8800	8800	8800	8800	8800	8800	8800	8800	8800	8800	8800	8800	8800	8800	5385.5	1185	7910.7	8800	8800	8800	8800	8800	8800	8800	8800	8800	8800	8800	8800	8800	8800	8800	8800	8800	8800	8800	8800	8800	8800	8800	8800	8800	8800	8800	8800	8800	8800	8800	8800	8800	8800	8800	8800	8800	8800	8800	8800	8800	8800	8800	8800	8800	8800	8800	8800	8800	8800	8800	3300.3	3220.8	3425.9	6600.5	5242.8	5821.9	6245	8800	8800	8800	8800	8800	8800	8800	8800	6991.2	6238.7	4392.6	4408.3	4752.7	4705.2	5451.1	4018.7	5001.1	3816.1	6133.9	6570.6	5856.7	5208.9
8800	8800	8800	8800	8800	8800	8800	8800	8800	8800	8800	8800	8800	8800	8800	8800	8800	8800	8800	8800	8800	8800	8728.1	8800	8800	5818.6	8800	8800	8800	8800	8800	8800	8800	8800	8800	8800	8800	8800	8800	8800	8800	8800	8800	8800	8800	8800	8800	8800	8800	8800	8800	8800	8800	8800	8800	8800	8800	8800	2246.7	5664.2	8800	8800	8800	8800	8800	8800	8800	8800	8800	8800	8800	8800	8800	8800	8800	8663.7	7456.8	7019.4	4515.3	4213.7	3780.4	3415.6	2497.8	2191.4	2287.6	2921	2672.6	2871.3	5817.4	5356.2	5916.3	8129.9	7941.8	5155.9	6354.5	6834.3	5734.5	6341.7	6362.4	8012.2
8800	8800	8800	8800	8800	8800	8800	8800	8800	8800	8800	8800	8800	8800	8800	8800	8800	8800	8800	8800	8800	7835.4	1251.1	888.05	2355.8	2489	7504.8	8800	8800	8800	8800	8800	8800	8800	8800	8800	8800	8800	8800	8800	8800	8800	8800	8800	8800	8800	8800	8800	8800	8800	8800	8800	8800	8800	8800	8800	8800	8800	8800	8800	8800	8800	8800	8800	8800	8800	8800	8800	8800	8800	8800	8800	8800	8800	8800	8800	8800	8800	8800	8800	2581.2	2692.2	2607.7	6041.4	7163.5	8800	8800	8800	8800	8800	8800	7784.7	6132.7	6007.8	5685	7460.9	6951.8	4959.2	4304.2	5012.2
8800	7889.9	8800	8800	8800	8800	8800	8800	8800	8800	8311.5	6024.8	2110.3	2076.4	1216.4	8800	8800	8800	8800	8800	8800	8800	8800	8800	8800	8800	8800	8800	8800	8800	8800	7829.4	7390.4	8028.6	7999.8	8760.1	8800	8800	8800	8800	8800	8800	8800	8800	8800	8800	8800	8800	8800	8800	8451.9	7594.1	8800	5979.2	8800	8800	8800	8800	8800	8800	8800	8800	8800	8800	8800	8800	8800	8800	8800	8800	8800	8800	8800	8800	8800	8800	8800	8800	8800	8800	8800	8800	8800	8800	8800	8800	8800	8800	8800	8800	8800	8800	8800	8800	8800	8800	8800	8800	8800	6974.8
8800	8800	8800	8800	8800	8800	8800	8800	8800	8800	8800	8800	8800	8800	8800	8800	8800	8800	8800	8800	8800	8800	8800	8800	8800	8800	8800	8800	8800	8800	8800	8800	8800	8800	8800	8800	8800	8800	8800	8800	8800	8800	8800	8800	8800	8800	8800	8800	8800	8800	8800	8800	8800	8800	8800	8800	8800	8800	8800	6354.1	1639.1	1824.6	5361.8	8800	8800	8800	8800	8800	8800	8800	8800	2774.9	3095.5	3445.3	4283.8	5521.4	4772.7	8642.1	8624.3	7935.8	8146.3	8800	4133.6	5499.1	5849.1	4522	3503.9	4002.4	2664.8	2822.8	2518.1	2496.4	3808.5	3602.5	4036	4794.2	4669.5	3789.3	4831.7	4825.2
3807	4796.8	8800	8800	8800	8800	8800	8800	8800	8800	8800	8800	8800	8800	8800	8800	8800	8800	8800	8800	8800	8800	8800	8800	8800	8800	8800	8800	8800	8800	8800	5519.3	4358.7	1765.3	1367.3	3849.5	5526	7956.2	8800	8800	8800	8800	8800	8800	8800	8800	8800	8800	8800	8800	8800	8800	8800	8800	8800	8800	8800	8800	8800	8800	8800	8800	8800	8800	8800	8800	8800	8800	8800	8800	8800	8800	8800	8800	1488.3	819.58	2337	3651.3	7139.5	8800	8800	8800	8800	8800	8800	8800	8800	8800	8800	8800	8800	8800	8800	8800	8800	8800	8800	8800	8800	8800
8800	8800	8800	8800	8800	8800	8800	8800	8800	8800	8800	8800	8800	8800	8800	8800	8800	8800	8800	8800	8800	8800	8800	8800	8800	8800	8800	8299	2393.5	3085.3	2992.3	6727.9	5668.5	8800	8800	8800	8800	8800	8800	8800	8800	8800	8800	8800	8800	8800	8800	8800	8800	8800	8800	8800	8800	8769.7	2389	1807.3	1722.6	3143.7	4515.3	6287.9	8800	8800	8800	8800	8800	8800	8800	8800	8800	8800	8800	8800	8800	8800	8800	8800	8800	8800	8800	8800	8800	8800	8800	8800	8800	8800	8800	8800	8800	8800	8800	8800	8800	8800	8800	8800	8800	8800	7008.6	5599.5
8800	8800	8800	8800	8800	8800	8800	8800	8800	8800	8800	8800	8800	8800	8777.7	8800	8161.9	8800	8800	8800	8800	8800	8800	8800	8800	8800	8800	8800	8800	8800	8800	8800	8800	8800	8800	8800	8800	8800	8800	8800	8800	8800	8800	8800	8800	8800	8800	8800	8800	8800	8800	8800	8800	8800	8800	8800	8800	8800	8800	8800	8800	8800	8800	8800	8800	8800	8800	8646.6	8800	8800	8800	8800	8800	8800	8800	8800	8800	8800	8800	8800	8800	7645.9	5572.2	1638.1	971.39	852.02	5556.5	8800	8800	8800	8800	8800	8800	8800	8800	8800	8800	8800	8800	8800
8800	8800	8800	8800	8800	8800	8800	8800	8800	8800	8800	8800	8800	8800	8800	8800	8800	8800	8800	8800	8800	8800	8800	8800	8800	8800	8800	8800	8800	8800	8800	8800	8800	8800	8800	8800	8800	8800	8800	8800	8800	8800	8800	8800	7657.9	4702.8	2972.6	2889.5	2851.9	2246.2	8055.3	8800	8800	8800	8800	8800	8800	8800	8800	8800	8800	8800	8800	8800	8800	8800	8800	8800	8800	8800	8800	8800	8800	8800	8800	8800	8800	8800	8800	8800	8800	8800	8800	2671.3	2193.3	2627.7	2665.9	5405.6	8800	8800	8800	8800	8800	8800	8800	8800	8800	8800	8800	8800
8800	8800	8800	8800	8800	8800	8800	8800	8800	8800	8800	8800	8800	8800	8800	8800	8800	8800	8800	8800	8800	8800	8800	8800	8800	8800	8800	7446.5	7226.4	3211.3	2905	3319.3	3761.8	2555	3957.4	6600.9	8800	8800	8800	8800	8800	8800	8800	8800	8800	8800	8800	8800	8800	8800	8800	8800	8800	8800	8800	8800	8800	8800	8800	8800	8800	8800	8800	8800	8800	8800	8800	8800	8800	8800	8800	8800	8800	8800	5463.1	1843.1	1678.7	5800	8800	8800	8800	8800	8800	8800	8800	8800	8800	8800	8800	8800	8800	8800	8800	8800	8800	8800	8800	8800	8800	8800
8800	8800	8800	8800	8800	8800	8800	8800	8800	8800	8800	8800	8800	8800	8800	8800	6800.3	4893.4	658.77	7234.4	7852.6	8800	8800	8800	8800	8800	8800	8800	8800	8800	8318	8800	8310.1	8800	8800	8800	8800	8800	8800	8800	8800	8800	8800	8800	8800	8800	8800	8800	8800	8800	8800	8800	8800	8800	8800	8800	8800	8800	8800	8800	8800	8800	8800	8800	8800	8800	8800	8800	8800	8800	8800	8800	8800	8800	8800	8800	8800	8800	8800	8800	8800	8800	8800	8800	8800	8800	8800	8800	8800	8800	8800	8800	8800	8800	8800	8800	8800	8800	8800	8800
8737.6	5069.7	8800	8800	8800	8800	8800	8800	8800	8800	8800	8800	8423.5	2208.7	2786.7	7776.7	8800	8800	8800	8800	8800	8800	8800	8800	8800	8800	8800	8800	8800	8800	8800	8800	8800	8800	8800	8800	8800	8800	8800	8800	8800	8800	8800	8800	8800	8800	8800	8800	8800	8800	8800	8800	8800	8800	8800	8800	8800	8800	8800	8800	8800	8800	8800	8800	8800	8800	8800	8800	8800	8800	8800	8800	8800	8800	8800	8800	8800	8800	8800	8800	8800	8800	8800	8800	8800	8800	8800	8800	8800	8800	8800	8800	8800	8800	8800	8800	8800	8800	8800	8800
1100.9	8800	7455.4	8800	8800	8800	8800	8800	8767.2	8800	8800	8800	8800	8800	8800	8800	8800	8800	8800	8800	8800	8800	8800	8800	8800	8800	8800	8800	8800	8800	8800	8800	8800	8800	8800	8800	8800	8800	8800	8800	8800	8800	8800	8800	8800	8800	8800	8800	8800	8800	8800	8800	8800	8800	8800	8800	8800	8800	8800	8254.8	8800	8800	8800	8800	8800	8800	8800	8800	8800	8800	8800	8800	8800	8800	8800	8800	8800	8800	8800	6528	5548.4	1918.6	1434.3	871.82	2479.5	8800	8800	8800	8800	8800	8800	8800	8800	8800	8800	8800	8800	8800	8800	8800
531.87	638.96	722.34	2245.6	2438.8	2326.6	3155.5	3794.6	8800	8800	8800	8800	8800	8800	8800	8800	8800	8800	8800	8800	8800	8800	8800	8800	8800	8800	8800	8800	8800	8800	8800	8800	8800	8800	8800	8800	8800	8800	8800	8800	8800	8800	8800	8800	8800	8800	8800	8800	8800	8800	8800	8800	8800	8800	8800	8800	8800	8800	8800	8800	8800	8800	8800	8800	8800	8800	8800	8800	8800	8800	6938	3638.9	2030.3	4013	3304.6	2444.2	7928.4	8800	8800	8800	8800	8800	8800	8800	8800	8800	8800	8800	8800	8800	8800	8800	8800	6841.7	7504.5	6561.9	6100.3	5309.9	3643.4	2856.2
8800	8800	8800	8800	8800	8800	8800	8800	8800	8800	8800	8800	8800	8800	8800	8800	8800	8800	8800	8800	8800	8800	8800	8800	8800	8800	8800	8800	8800	8800	8800	8800	8800	8800	8800	8800	8800	8800	8800	8800	8800	8800	8800	8800	8800	8800	8800	8800	8800	8800	8800	8800	8800	7391	8179.5	2661.2	2773.1	1653.4	1851	2648.9	4526.7	6465.2	8800	8800	8800	8800	8800	8800	8800	7458	6140.6	2758.3	1579.1	5695.4	8800	8800	8800	8800	8800	8800	8800	8800	8800	8800	8800	8800	8800	8800	8800	8800	8800	8800	8800	8800	8800	8800	7146.3	6210.2	5945.7	6537.6
8800	7652.8	8800	8800	8800	8800	8800	8800	8800	8800	8800	8800	8800	8800	8800	8800	8800	8800	8800	8800	8800	8800	8800	8800	8800	8800	8800	8800	8800	8800	8800	8800	8800	8800	8800	8800	8800	8800	8800	8800	8800	8800	8800	8800	8800	8800	8800	8800	5645.8	5660.8	707.51	3231.7	4264.7	5925.9	7924.6	8800	8800	8800	8800	8800	8800	8800	8800	8800	8800	8800	8800	8800	8800	8800	8800	8800	8800	8800	8800	8800	8800	8800	8800	8800	8800	8800	8800	8800	5385.1	5201.4	1403.7	3081.3	4593.7	6155.1	8493.6	8800	8800	8800	8800	8800	8800	8800	8800	8800
1427.4	8800	8800	8800	8800	8800	8800	8800	8800	8800	8800	8800	8800	8800	8800	8800	8800	8800	8800	8800	8800	8800	8800	8800	8800	8800	8800	8800	8800	8800	8800	8800	8800	8800	8800	8800	8800	8800	8800	8800	8800	8800	8800	8800	8800	8800	8800	8800	8800	8800	8800	8800	7022.9	5552.3	4845.9	6819.4	8800	8800	8800	8800	8800	7326.3	6875.7	4414.9	3919.2	4817.7	4667.5	4189.9	5064.6	8800	8800	8800	8800	8800	8800	8800	8800	8800	8800	8800	8800	8800	8800	8800	8800	8800	8800	8800	8800	8800	8800	8800	8800	8800	8800	8800	8800	8800	8800	8800
7546	6068.8	8800	8800	8800	8800	8800	8800	8800	8800	8800	8800	8800	8800	8800	8800	8800	8800	8800	8800	8800	8800	8800	8800	8800	8800	8800	8800	8800	8800	8800	8800	8800	8800	8800	8800	8800	8800	8800	8800	8800	8800	8800	8800	8800	7257.2	5294	3402.9	3016.2	3931	3645.3	7462.2	8800	8800	8800	8800	8800	8800	6288.6	1308.5	1667.3	1783.7	6813.6	8800	8800	8800	8800	8800	8800	8800	8800	8800	8800	8800	8800	8800	8800	8800	8800	8800	8800	8800	8800	8800	8800	8800	8800	8800	8800	8800	8800	8800	8800	8800	8800	8800	5549.1	5968.2	5979.4	7202.9
8800	6304.9	8800	8800	8800	8800	8800	8800	8800	8800	8800	8800	8800	8800	8800	8800	8800	8800	8800	8800	8800	8800	8800	8800	8800	8800	8800	8800	8800	8800	8800	8800	8800	8800	8800	8800	8800	8800	8800	8800	8800	8800	8800	8800	8800	8800	8800	8800	8800	8800	1768.3	1492.9	2051	8800	8800	8800	8800	8800	8800	8800	8800	8800	8800	8800	8800	8800	8800	8800	8800	8800	8800	8800	8800	8800	8800	6736	3424.3	2831.3	2618	1523.9	4699.8	8800	8800	8800	8800	8800	8800	8800	8800	8800	8800	8800	8800	8800	7026.5	7252.9	6223.6	4792.1	4809.3	5415.3
8800	8800	8800	8800	8800	8800	8800	8800	8800	8800	8800	8800	8800	8800	8800	8800	8800	8800	8800	8800	8800	8800	8800	8800	8800	8800	8800	8800	8800	4844.4	3865.8	3453.6	3176.8	3321.2	4727.9	5166.5	8800	8800	8800	8800	8800	8800	8800	8800	8800	8800	8800	8800	8800	8800	8800	8800	8800	8800	8800	8800	8800	8800	8800	8800	8800	8800	8800	8800	8800	8800	8800	8800	8800	8800	8800	8800	8800	8800	8800	8800	8800	8800	8800	8800	4708.6	931.19	2146.2	6692	8800	8800	8800	8800	6563	2944.7	3094.1	2966.8	2959.1	4235	4551.8	5340.8	5926.2	6297.7	5298.6	5384.7
8800	8800	8800	8800	8800	8800	8800	8800	8800	8800	8800	8800	8800	8800	8800	8800	8800	8800	8800	8800	8800	8800	8800	8800	8800	8800	8800	8800	8800	8800	8800	8800	8800	8800	8800	8800	8800	8800	8800	8800	8800	8800	8800	8800	8800	8800	8800	8800	8800	8800	8800	8800	8800	8800	2062.9	2912.2	4119	5953.9	6796.1	8225.7	6876	5724.6	4454.2	7295.6	6090.5	6215.2	6375.1	4960.3	8800	8800	8800	8800	8800	8800	8800	8800	8800	8800	8800	8800	8800	8800	8800	8800	8800	8800	8800	8800	8800	8800	8800	8800	8800	8800	8800	8800	8800	8800	8800	8800
8800	8800	8800	8800	8800	8800	8800	8800	8800	8800	8800	8800	8800	8800	8800	1452.1	1489.2	4108.1	7908.5	8800	8800	8800	8800	8800	8800	8800	8800	8800	8800	8800	8800	8800	8800	8800	8800	8800	8800	8800	8800	8800	8800	8800	8800	8800	8800	8800	8800	8800	8800	8800	8800	8800	8800	8800	8800	8800	8800	8800	8800	8800	8800	8800	8800	8800	8800	8800	8800	8800	8800	8800	8800	8800	8800	8800	8800	8800	8800	8800	8800	8800	8800	8800	8800	8800	8800	8800	6609.6	5468.8	1614.4	1587.9	2894.7	4349.8	3688.9	8800	8800	8800	8800	8800	8800	8800
8800	8140.7	8800	8800	8800	8800	8800	8800	8800	8800	8800	8800	8800	8800	8800	8800	8800	8800	8800	8800	8800	8800	8800	8800	8800	8800	8800	8800	8800	8800	8800	8800	8800	8800	8800	8800	8800	8800	8800	8800	8800	8800	5725.5	4870.4	5214.3	8049.6	8800	8800	8800	8800	8800	8800	8800	8800	8800	8800	8800	8800	8800	8800	8800	8800	8800	8800	8800	8791	8800	8800	8800	8800	8800	8800	8800	8800	8800	8800	8800	8800	8800	8800	8800	8800	8800	8800	8800	8800	8800	8800	8031.6	6327.2	4774.3	4736.6	4306.4	5796.6	5308.3	6427.6	5870.9	6755.1	4977.7	6517.7
2973.9	8800	8800	8800	8800	8800	8800	8800	8800	8800	8800	8800	8800	8800	8800	8800	8800	8800	8800	8800	8800	8800	8800	8800	8800	8800	8800	8800	8800	8800	8800	8800	8800	8800	8800	8800	8800	8800	8800	8800	8800	8800	8800	8800	8800	8800	8800	8800	8800	8800	8800	8800	8800	8800	8800	6177.5	3012.7	2774.9	2373.6	1813.8	8800	8800	8800	8800	8800	8800	5499.8	2482.2	2452.2	2542.7	3957	8800	8800	8800	8800	8800	8800	8800	8800	8800	8800	8800	8800	8800	8800	8800	8800	8800	8800	8800	8800	8800	8800	8800	8800	8800	8800	8800	8800	8800
8503.6	4230	2783.2	3031.5	2606.2	885.17	1161.1	1648.1	5806.1	8800	8800	8800	8800	8800	8800	8800	8800	8800	8800	8800	8800	8800	8800	8800	8800	8800	8800	8800	8800	8800	8800	8800	8800	8800	7867.5	8616	8800	8800	8800	8800	8800	8800	8800	8800	8800	8800	8800	8800	8800	8800	8800	8800	8800	8800	8800	8800	8800	8800	8800	8800	8800	8800	8800	8800	8800	8800	8800	8800	8800	8800	8800	8800	8800	8800	8800	8800	8800	8800	8800	8800	8800	8800	8800	8800	8800	8800	8800	8800	8800	8800	8800	8800	8800	8800	8800	8800	8800	8800	8800	8800
8800	8800	8800	8800	8800	8800	8800	5035	3875	4671.9	4601.9	3650.3	5056.1	4782.8	7077.2	7629.3	8800	8800	8800	8800	8800	8800	8800	8800	8800	8800	8800	8800	8800	8800	8800	8800	8800	8800	8800	8800	8800	8800	8800	8800	8800	8800	8800	8800	8800	8800	8800	8800	8800	8800	8800	8800	8800	8800	8800	8800	8800	8800	8800	8800	8800	8219.5	7731.8	3990.3	8800	8800	8800	8800	8800	8800	8800	8506.7	8163.7	5023.5	5200	5629.3	5524.5	6652.7	7309.9	7500.1	7294.9	7440.5	7870.8	6013.7	6277.8	6148.7	4890.7	3688.9	6107.2	5327.9	4782.5	6625.6	6804.6	5454.6	5634.8	6534.3	4379.1	5181.7	5009	5985.2
8800	8800	8800	8800	8800	8800	8800	8800	8800	8800	8800	8627.4	7841	4319	4451.5	4325.7	3146.2	2523	8286.1	8800	8800	8800	8800	8800	8800	8800	8800	8800	8800	8800	8800	8800	8800	8800	8800	8800	8800	8800	8800	8800	8800	8800	8800	8800	8800	8800	8800	8800	8800	8800	1359	1710.1	1503.3	2211.6	8800	8800	8800	8800	8800	8800	8800	8800	8800	8800	8800	8800	8800	8800	8800	8800	8800	8800	8800	8800	8800	8800	8800	8800	8800	8800	8800	8800	8800	8800	8800	8800	8800	8800	8800	8800	8800	5959	5926.2	6138.6	4549.3	4817.2	6544.8	5946.6	4771.8	5857.4
6332.3	8800	8800	8800	8800	8800	8800	8800	8800	8800	8800	8800	8800	8800	8800	8800	8800	8800	8800	8800	8800	8800	4768.5	1863.6	1217.4	887.63	3036.5	5539.9	8800	8800	8800	8800	8800	8800	8800	8800	8800	8800	8800	8800	8800	8800	8800	8800	8800	8800	8800	8800	8800	8800	8800	8800	8800	8800	8800	8800	8800	8800	8800	8800	8800	8800	8800	8800	8800	8800	8800	8800	8800	8800	8800	8800	7067.9	4004.6	3045.8	4528.7	4105.6	6741.5	8800	8800	8800	8800	8800	8800	8800	8800	8800	8800	8800	8800	8800	8800	8800	8800	8800	5189.2	4887	3401	4207.3	4296
287.44	1422.8	1002.2	1092.8	903.13	3683.2	3167.4	8800	8800	8800	8800	8800	8800	8800	8800	8800	8800	8800	8800	8800	8800	8800	8800	8800	8800	8800	8800	8800	8800	8800	7629.7	5010.8	2781.5	2617.6	2793.8	2996.5	2957.1	7457.4	8160.1	8800	8800	8800	8800	8800	8800	8800	8800	8800	8800	8800	8800	8800	8800	8800	8800	8800	8800	8800	8800	8800	8800	8800	8800	8800	8800	8800	8800	8800	8800	8800	8800	8800	8800	8800	8800	8800	8800	8800	8800	8800	8800	8800	8800	8800	8800	8800	8800	8800	8800	7017.8	6409.9	5504.4	4313.5	3276.4	2743.2	1782.6	2847.1	2941.1	2928.6	3115.5
8800	8800	8800	8800	8800	8800	8800	8800	8800	2655.4	1277.3	865.72	902.74	1416.6	8675.4	8800	8800	8800	8800	8800	8800	8800	8800	8800	8800	8800	8800	8800	8800	8800	8800	8800	8800	8800	8800	8800	8800	8800	8800	8800	8800	8800	8800	8800	8800	8800	8800	8800	8800	8800	8800	8800	8800	8800	8800	8800	8800	8800	8800	8800	8800	8800	8800	8800	8800	8800	8800	8800	8800	8800	8800	8800	8800	8800	8800	8800	8800	8800	8800	8800	8800	8800	8800	8800	8800	8151.2	4243.6	3677.2	3855.8	3688.3	4726.9	4957.6	5187.6	5828.4	5213.9	3586	4114.4	5479.2	4757.1	4609.6
4216.2	8800	8800	8800	8800	8800	8800	8800	8615.8	6346.2	1886.3	2663.5	2266.7	3413.6	5791.8	8800	8800	8800	8800	8800	8800	8800	8800	8800	8800	8800	8800	8800	8800	8800	8800	8800	8800	8800	8800	6780.6	1750	1375.8	3103.1	3852.3	8800	8800	8800	8800	8800	8800	8800	8800	8800	8800	8800	8800	8800	8800	8800	8800	8800	8800	8800	8800	8800	8800	8800	8800	8800	8800	8800	8800	8800	8800	8800	8800	8800	8800	8800	8800	8800	8800	8800	8800	8800	8800	8800	8800	8800	8800	8800	8800	8800	7967.3	7244.7	5100.1	4201.4	3530.1	3449.3	1795.4	2654.1	4204.9	4051.9	4083.4
8800	8800	8800	8800	8800	8800	8800	8800	8800	8800	8800	8800	8800	8800	8800	8800	8800	8800	8800	8800	8800	8800	8800	8800	8800	8800	8800	8800	8800	8800	8800	8800	8800	8800	8800	8800	8800	8800	8800	8800	8800	8800	8800	8800	8800	8800	8800	8670.6	6386.1	4471	2601.2	3387.6	3022.6	4164.4	6905	7269.8	7055.7	5916.4	4781.3	2359.8	5674.2	6027.8	8800	8800	8800	8800	8800	8800	8800	8800	8800	8800	8800	8800	8800	8800	8800	8800	8800	8800	8800	8800	8800	8800	8800	8800	8800	8800	8800	8800	8800	8800	8800	8800	8800	5811	8188.2	8126.8	4143.8	6286.8
8800	8800	8800	8800	8800	8800	8800	8800	8800	8800	8800	8800	8800	8800	8800	8800	8800	8800	8800	8800	8800	8800	8800	8800	8800	8800	8800	8800	8800	8800	8800	8800	8800	8800	8800	8800	8800	8800	8800	8800	8800	8800	8800	8800	8800	8800	8800	8800	8800	8800	8800	8800	6813.6	4741.8	3313.2	4186.2	2768.3	3103.4	7527.3	8800	8800	8800	8800	8800	8800	8800	8800	8800	8800	8800	8800	8800	8800	8800	5978	3049	1149.3	1107.9	4681	8800	8800	8800	8800	8800	8800	8800	8800	8800	8800	8800	8800	8800	8800	8800	8800	8800	6684.9	6116.6	3774.2	4260.7
2820	2749.1	8800	8800	8800	8800	8800	8800	8237.8	797.52	5688	6112.6	8800	8800	8800	8800	8800	8800	8800	8800	8800	8800	8800	8800	8800	8800	8800	8800	8800	8800	8800	8800	8800	8800	8800	8800	8800	8800	8800	8800	8800	8800	8800	8800	8800	8800	8800	8800	8800	8800	8800	8800	8800	8800	8800	8800	8800	8800	8800	8800	8800	8800	8800	8800	8800	8800	8800	8800	8800	8800	8800	8800	8800	8800	8800	8800	8800	8800	8800	8800	8800	8800	8800	8800	8800	8800	8800	5116.7	4249.8	4679.2	3614	3316.1	3658.8	3895.8	7664.6	8800	8800	8800	8800	8800
1493	1567.4	1049.1	898.73	1338.4	8800	8800	8800	8800	8800	8800	8800	8800	8800	8800	8800	8800	8800	8800	8800	8800	8800	8800	8800	8800	8800	8800	8800	8800	8800	8800	8800	8800	8800	8800	8800	8800	8800	8800	8800	8800	8800	8800	5458.7	5806.6	1996.4	4000.5	5250.3	5977.3	6321.9	8490.5	7003.8	7309.9	8800	8800	8800	8800	8800	8800	8800	8800	8800	8800	8800	8800	8800	8800	8800	8800	8800	8800	8800	8800	8800	8800	8800	8800	8800	8800	8800	8800	8800	8800	8800	8800	8800	8800	8800	8800	8800	8800	8800	3485.6	4743.1	3747.3	3499.4	3256.7	4410	3199.2	4494.9
8800	8800	8800	8800	8800	8800	8800	8800	8800	8800	8800	8800	8800	8800	8800	2124	939.24	2000.5	6541	7352.7	8800	8800	8800	8800	8800	8800	8800	8800	8800	8800	8800	8800	8800	8800	8800	8800	8800	8800	5568.7	3593.9	3389.3	4308.4	4031.4	4748.3	3833.4	8800	8800	8800	8800	8800	8800	8800	8800	8800	8800	8800	8800	8800	8800	8800	8800	8800	8800	8800	8800	8800	8800	8800	8800	8800	8800	8800	8800	8800	8800	8800	8800	8800	8800	8800	8800	8800	8800	8800	8800	8800	8800	8800	8800	8800	8800	8800	8800	8800	8800	8800	8800	8800	8800	8800
4474.4	8800	8800	8800	8800	8800	8800	8800	8800	8800	8800	8800	1022.1	5488.8	8800	8800	8800	8800	8800	8800	8800	8800	8800	8800	8800	8800	8800	8800	8800	8800	8800	8800	8800	8800	8800	8800	8800	8800	8800	8800	8800	8800	8800	8800	8800	8800	8800	8800	8800	8800	8800	8800	8800	8800	8800	8800	8800	8800	8800	8800	8800	8800	8800	8800	8800	8684.1	8159.3	5570.8	4719.1	4203.8	4762.6	5867.7	5232.7	5419.5	5212.8	5845.6	5437	5605.1	5548.3	5450.5	4539.3	2776.7	3075.8	2961	4656.4	4586.1	5567.5	6191.6	7500.8	7489.8	7340.2	6401.4	5698.2	4854.2	3889.8	4339.4	5021.4	5723.1	5465.1	5497.4
8800	8800	8800	8800	8800	8800	8800	8800	8800	8800	8800	8800	8800	8800	8800	3937.7	1160.5	2319.8	4746.4	6324.4	8226.8	8800	8800	8800	8800	8800	8800	8237.5	4579.7	5061.1	5040.2	5621.6	8474.6	8800	8800	8800	8800	8800	8800	8800	8800	8800	8800	8800	8800	8800	8800	8800	8800	8800	8800	8800	8800	8800	8800	8800	8800	8800	8800	8800	8800	8800	8800	8800	8800	8800	8800	8800	8800	8800	8800	8800	8800	8800	8800	8800	8800	8800	8800	8800	8800	8800	8800	8800	8800	8800	8800	8800	8800	8800	8800	8800	8800	8800	8800	8800	8800	8800	8800	8522.4
8800	8800	8800	8800	8800	8800	8800	8800	8800	8800	8800	8800	8800	8800	8800	8800	8800	8800	8800	8800	8800	8800	8800	8800	8800	8800	8800	8800	8800	8800	8800	8800	8800	8800	8800	8800	8800	8800	8800	8800	8800	8800	8800	8800	8800	8800	8800	8800	8800	8800	8800	8800	8800	8800	8800	8800	8800	8800	8800	8800	8800	8800	8800	7385.2	1304.8	5392.8	7778.4	8800	8800	8800	8800	8800	8800	8800	8800	8800	8800	8800	8800	8800	8800	8800	8800	8800	8800	8800	8800	8800	8800	7134.9	5976.1	2159.3	2797.4	3385	4444.2	4255.1	5571.8	6458.8	8800	8800
8800	8800	8800	8800	8800	8800	8800	8800	8800	8800	8800	8800	8800	8800	8800	8800	8800	8800	8800	8800	8800	8800	8800	8800	8800	8800	8800	8800	8800	8800	8800	8800	8800	8800	8800	8800	8800	8800	8800	6652.7	826.31	1126.7	5680.1	5640.9	8800	8800	8800	7460.1	7960.2	3809.6	4207.4	3560.6	4852.2	6025	5410.3	7402.7	8800	8800	8800	8800	8800	8800	8800	8800	8800	8800	8800	8800	8800	8800	8800	8800	8800	8800	8800	8800	8800	8800	8800	8800	8800	8800	8800	8800	8800	8800	8800	8800	8800	8800	8800	8800	8800	8800	8210.2	7855.7	4308	3402.3	5262.4	6041.6
8800	8800	8800	8800	8800	8800	8800	8800	8800	8800	8800	8800	8800	8800	8800	8800	8800	8800	8800	8800	8800	8800	8108	8800	8800	8800	8800	8800	8800	8800	8800	8800	8800	8800	8800	8800	8800	8800	8800	8800	8800	8800	8800	8800	8800	8800	8800	8800	7767.3	8800	5496.2	6219.4	5285.4	7005.1	4138.3	6215.4	6370.4	6138.1	7078.4	8395.5	8800	8800	8800	8800	8800	8800	8800	8800	8800	8800	8800	8800	8800	8800	8800	8800	8800	8800	8800	8800	8800	8800	8800	8800	8800	8800	8800	8800	8800	8800	8800	8800	8800	8800	8800	8800	8800	8800	8800	8800
8800	8800	8800	8800	8800	8800	8800	8800	8800	8800	8800	8800	8800	8800	8800	8800	8800	8800	8800	8800	8800	8800	8800	8800	8800	8800	8800	8800	8800	8800	8800	8800	8800	8800	8800	8800	8800	8800	8800	8800	8800	8800	8800	8800	8800	8800	8800	8800	8800	8800	8800	8800	8800	8800	8800	8800	8800	8800	8800	8800	8800	8800	8800	8800	8800	8800	8800	8800	8800	8800	8800	8800	8800	7848.4	6923.1	2981.8	4412.9	3131.4	2305.6	4868.8	4624.1	3248	4718.5	4859.7	2615.1	6369.5	6959.2	7936.3	7799.5	7338	6418.5	6216.6	6240.9	6192.3	7274.9	4714	4956.6	2560.2	2747.5	2438
8800	8800	8800	8800	8800	8800	6823.9	8800	7385.3	8800	8800	8800	8800	8800	8800	8800	8800	8800	8800	8800	8800	8800	8800	8800	8800	8800	8800	8800	8800	8800	8745.2	8437.5	8491.1	8800	8328.5	8800	8800	8800	8800	8800	8800	8800	8800	8800	8800	8800	8800	8800	8800	8800	8800	8800	8800	7776.6	8800	8800	8800	8800	8800	8800	8800	8800	8800	8800	8800	8800	8800	8800	8800	8800	8800	8800	8800	8800	8800	8800	8800	8800	8800	8800	8800	8800	8800	8800	8800	8800	8800	8800	8800	8800	8800	8800	8800	8800	8717.3	5428.9	5555.3	6114.3	4972.7	3664.5
