8800	5064.5	8800	8800	8800	8800	8800	8800	8800	8800	8800	8800	8800	8800	8800	8800	8800	8800	8800	8800	8800	8800	8800	8800	8800	8800	8800	8800	8800	8800	8800	8800	8800	8800	8800	8800	8800	8800	8800	8800	8800	8800	8800	8302.5	5960.7	4251.6	1390.3	3258.7	2851.7	2588.5	2723.1	7496	8800	8800	8800	8800	8800	8800	8800	8800	8800	8800	8800	8800	8800	8800	8800	7141.8	3347.9	3467.9	6494.6	8800	8800	8800	8800	8800	8800	8800	8800	8800	8800	8800	8800	8800	8800	8800	8800	8800	8800	8800	8800	8800	8800	8800	8800	8800	8800	8800	8800	8726.1
8800	8800	8800	8800	8800	8800	8800	8800	8800	8800	8800	8800	2717.9	2595	2748.1	8800	8800	8800	8800	8800	8800	8800	8800	8800	8800	8800	8800	8800	8800	8800	8800	8800	8800	8800	8800	8800	8800	8800	8800	8800	8800	8800	8800	8800	8800	8800	8800	8800	8800	8800	8800	8800	8800	8800	8800	8800	8800	8800	8800	8800	8800	8800	8561	3712.7	3544.3	3355.9	2002.4	1227.3	6332.2	8800	8800	8800	8800	8800	8800	8800	8800	8800	8800	8800	8800	8800	8800	8800	8800	8800	8800	8800	8800	8800	8800	8800	8800	8800	8800	8800	8800	8800	8800	8800
8800	8800	8800	8800	8800	8800	8800	8800	8800	8800	8800	8800	8800	8800	8800	8800	8800	8800	8800	8800	8800	8800	8800	8800	8800	8800	8800	8800	8800	8800	8800	8800	8800	8800	8800	8800	8800	8800	8800	8800	8800	8800	8800	8800	8800	8800	8800	8800	8800	8800	8800	8800	8800	8800	1862.4	6106.4	8800	8800	8800	8800	8800	8800	8800	8800	8800	8800	8800	8797.2	7779.4	6478.1	4199.8	4385.7	4711	4245.7	3860.2	2973.6	3434	2644.5	6364.7	5943.5	6877.5	5487.1	5722.6	3718.4	5400.9	4382.9	4677.4	5032.5	4752.3	3543.9	3845.3	4016.5	3492.7	2313.8	2676.3	3378.5	3933.1	4145.4	4639.8	5849.8
1575.1	8800	8198.8	8800	8800	8800	8800	8800	8800	8800	8800	8800	8800	8800	8800	8800	8800	5011.6	1544.1	1454.4	5596.3	8800	8800	8800	8800	8800	8800	8800	8800	8800	8800	8800	8800	8800	8800	8800	8800	8800	8800	8800	8800	8800	8800	8800	8800	8800	8800	8800	8800	8800	8800	8800	8800	8800	8800	8800	8800	8800	8800	8800	8800	8800	8800	8800	8800	8800	8800	8800	8800	8800	8800	8800	8800	8800	8800	8800	8800	8800	8800	8800	8800	8800	8800	8800	8800	8800	8800	8800	8800	8800	8800	5485.6	5314.1	3329.2	2971.1	2824.2	2827.2	4138.3	5884.5	8800
6224.9	8800	8800	8800	8800	8800	8800	8800	8800	8800	8800	8800	8800	8800	8800	8800	8800	6016.5	6301.7	3580.4	3082.6	2537.5	3466.8	4652.4	8077.1	8800	8800	8800	8800	8800	8800	8800	8800	8800	8800	8800	8800	8800	8800	8800	8800	8800	8800	8800	8800	8800	8800	8800	8800	8800	8800	8800	8800	8800	8800	8800	8800	8800	8800	8800	8800	8800	8800	8800	8800	8800	8800	8800	8800	8800	7204.8	3943.1	600.43	951.78	4588	5319.1	8800	8800	8800	8800	8800	8800	8800	8800	8800	8800	8800	8800	8800	8800	8800	8800	8800	8800	8800	8800	8800	8800	8800	8800
3956.9	7700.9	8800	8800	8800	8800	6988.4	4231.6	8131.3	8800	8800	8800	8800	8800	8800	8800	8800	8800	8800	8800	8800	8800	8800	8800	8800	8800	8800	8800	8800	8800	8800	8800	8800	8800	8800	8800	8800	8800	8800	8800	8800	8800	8800	8800	8800	8800	8800	8800	8800	8800	8800	8800	8800	8800	8800	8800	8800	8800	8800	8800	8800	8800	8800	8800	8800	8800	8800	8800	8800	8800	8800	8800	8800	8800	8800	8800	8800	8800	8800	8800	8800	7089	4569.5	6048.2	5562.1	6216.6	5198.1	5538.1	4428.6	5637.6	6703.3	8800	8800	8800	8800	8800	8800	8800	7184.2	6472.9
8675.6	7240.4	8800	8800	8800	8800	8800	8800	8800	8800	8800	8800	8800	8800	8800	8800	8800	8800	8800	8800	8800	8800	8800	8800	8800	8800	8800	8800	8800	8800	8800	8800	8800	8800	8800	8800	8800	8800	8800	8800	8800	8800	8800	8800	8800	8800	8800	8800	8800	8800	8800	8800	8800	8800	8800	8800	8800	8800	8800	8800	8800	8800	8800	8800	8800	8800	8800	8800	7814.3	5512.4	7804.4	5213.7	6258.5	8278	8800	8524.9	8800	8800	8658.2	8800	8800	8800	8800	8800	8800	8800	8800	8800	8800	8800	8800	8800	8800	8800	8800	8800	8800	8027.8	3966.6	3917.8
8800	8800	8800	8800	8800	8800	8800	8800	8800	8800	8800	8800	8800	8800	8800	8800	8800	5385.5	1185	7910.7	8800	8800	8800	8800	8800	8800	8800	8800	8800	8800	8800	8800	8800	8800	8800	8800	8800	8800	8800	8800	8800	8800	8800	8800	8800	8800	8800	8800	8800	8800	8800	8800	8800	8800	8800	8800	8800	8800	8800	8800	8800	8800	8800	8800	8800	8800	8800	8800	8800	8800	8800	3300.3	3220.8	3425.9	6600.5	5242.8	5821.9	6245	8800	8800	8800	8800	8800	8800	8800	8800	6991.2	6238.7	4392.6	4408.3	4752.7	4705.2	5451.1	4018.7	5001.1	3816.1	6133.9	6570.6	5856.7	5208.9
8800	8800	8800	8800	8800	8800	8800	8800	8800	8800	8800	8800	8800	8800	8800	8800	8800	8800	8800	8800	8800	8800	8728.1	8800	8800	5818.6	8800	8800	8800	8800	8800	8800	8800	8800	8800	8800	8800	8800	8800	8800	8800	8800	8800	8800	8800	8800	8800	8800	8800	8800	8800	8800	8800	8800	8800	8800	8800	8800	2246.7	5664.2	8800	8800	8800	8800	8800	8800	8800	8800	8800	8800	8800	8800	8800	8800	8800	8663.7	7456.8	7019.4	4515.3	4213.7	3780.4	3415.6	2497.8	2191.4	2287.6	2921	2672.6	2871.3	5817.4	5356.2	5916.3	8129.9	7941.8	5155.9	6354.5	6834.3	5734.5	6341.7	6362.4	8012.2
8800	8800	8800	8800	8800	8800	8800	8800	8800	8800	8800	8800	8800	8800	8800	8800	8800	8800	8800	8800	8800	7835.4	1251.1	888.05	2355.8	2489	7504.8	8800	8800	8800	8800	8800	8800	8800	8800	8800	8800	8800	8800	8800	8800	8800	8800	8800	8800	8800	8800	8800	8800	8800	8800	8800	8800	8800	8800	8800	8800	8800	8800	8800	8800	8800	8800	8800	8800	8800	8800	8800	8800	8800	8800	8800	8800	8800	8800	8800	8800	8800	8800	8800	2581.2	2692.2	2607.7	6041.4	7163.5	8800	8800	8800	8800	8800	8800	7784.7	6132.7	6007.8	5685	7460.9	6951.8	4959.2	4304.2	5012.2
8800	7889.9	8800	8800	8800	8800	8800	8800	8800	8800	8311.5	6024.8	2110.3	2076.4	1216.4	8800	8800	8800	8800	8800	8800	8800	8800	8800	8800	8800	8800	8800	8800	8800	8800	7829.4	7390.4	8028.6	7999.8	8760.1	8800	8800	8800	8800	8800	8800	8800	8800	8800	8800	8800	8800	8800	8800	8451.9	7594.1	8800	5979.2	8800	8800	8800	8800	8800	8800	8800	8800	8800	8800	8800	8800	8800	8800	8800	8800	8800	8800	8800	8800	8800	8800	8800	8800	8800	8800	8800	8800	8800	8800	8800	8800	8800	8800	8800	8800	8800	8800	8800	8800	8800	8800	8800	8800	8800	6974.8
8800	8800	8800	8800	8800	8800	8800	8800	8800	8800	8800	8800	8800	8800	8800	8800	8800	8800	8800	8800	8800	8800	8800	8800	8800	8800	8800	8800	8800	8800	8800	8800	8800	8800	8800	8800	8800	8800	8800	8800	8800	8800	8800	8800	8800	8800	8800	8800	8800	8800	8800	8800	8800	8800	8800	8800	8800	8800	8800	6354.1	1639.1	1824.6	5361.8	8800	8800	8800	8800	8800	8800	8800	8800	2774.9	3095.5	3445.3	4283.8	5521.4	4772.7	8642.1	8624.3	7935.8	8146.3	8800	4133.6	5499.1	5849.1	4522	3503.9	4002.4	2664.8	2822.8	2518.1	2496.4	3808.5	3602.5	4036	4794.2	4669.5	3789.3	4831.7	4825.2
3807	4796.8	8800	8800	8800	8800	8800	8800	8800	8800	8800	8800	8800	8800	8800	8800	8800	8800	8800	8800	8800	8800	8800	8800	8800	8800	8800	8800	8800	8800	8800	5519.3	4358.7	1765.3	1367.3	3849.5	5526	7956.2	8800	8800	8800	8800	8800	8800	8800	8800	8800	8800	8800	8800	8800	8800	8800	8800	8800	8800	8800	8800	8800	8800	8800	8800	8800	8800	8800	8800	8800	8800	8800	8800	8800	8800	8800	8800	1488.3	819.58	2337	3651.3	7139.5	8800	8800	8800	8800	8800	8800	8800	8800	8800	8800	8800	8800	8800	8800	8800	8800	8800	8800	8800	8800	8800
8800	8800	8800	8800	8800	8800	8800	8800	8800	8800	8800	8800	8800	8800	8800	8800	8800	8800	8800	8800	8800	8800	8800	8800	8800	8800	8800	8299	2393.5	3085.3	2992.3	6727.9	5668.5	8800	8800	8800	8800	8800	8800	8800	8800	8800	8800	8800	8800	8800	8800	8800	8800	8800	8800	8800	8800	8769.7	2389	1807.3	1722.6	3143.7	4515.3	6287.9	8800	8800	8800	8800	8800	8800	8800	8800	8800	8800	8800	8800	8800	8800	8800	8800	8800	8800	8800	8800	8800	8800	8800	8800	8800	8800	8800	8800	8800	8800	8800	8800	8800	8800	8800	8800	8800	8800	7008.6	5599.5
8800	8800	8800	8800	8800	8800	8800	8800	8800	8800	8800	8800	8800	8800	8777.7	8800	8161.9	8800	8800	8800	8800	8800	8800	8800	8800	8800	8800	8800	8800	8800	8800	8800	8800	8800	8800	8800	8800	8800	8800	8800	8800	8800	8800	8800	8800	8800	8800	8800	8800	8800	8800	8800	8800	8800	8800	8800	8800	8800	8800	8800	8800	8800	8800	8800	8800	8800	8800	8646.6	8800	8800	8800	8800	8800	8800	8800	8800	8800	8800	8800	8800	8800	7645.9	5572.2	1638.1	971.39	852.02	5556.5	8800	8800	8800	8800	8800	8800	8800	8800	8800	8800	8800	8800	8800
8800	8800	8800	8800	8800	8800	8800	8800	8800	8800	8800	8800	8800	8800	8800	8800	8800	8800	8800	8800	8800	8800	8800	8800	8800	8800	8800	8800	8800	8800	8800	8800	8800	8800	8800	8800	8800	8800	8800	8800	8800	8800	8800	8800	7657.9	4702.8	2972.6	2889.5	2851.9	2246.2	8055.3	8800	8800	8800	8800	8800	8800	8800	8800	8800	8800	8800	8800	8800	8800	8800	8800	8800	8800	8800	8800	8800	8800	8800	8800	8800	8800	8800	8800	8800	8800	8800	8800	2671.3	2193.3	2627.7	2665.9	5405.6	8800	8800	8800	8800	8800	8800	8800	8800	8800	8800	8800	8800
8800	8800	8800	8800	8800	8800	8800	8800	8800	8800	8800	8800	8800	8800	8800	8800	8800	8800	8800	8800	8800	8800	8800	8800	8800	8800	8800	7446.5	7226.4	3211.3	2905	3319.3	3761.8	2555	3957.4	6600.9	8800	8800	8800	8800	8800	8800	8800	8800	8800	8800	8800	8800	8800	8800	8800	8800	8800	8800	8800	8800	8800	8800	8800	8800	8800	8800	8800	8800	8800	8800	8800	8800	8800	8800	8800	8800	8800	8800	5463.1	1843.1	1678.7	5800	8800	8800	8800	8800	8800	8800	8800	8800	8800	8800	8800	8800	8800	8800	8800	8800	8800	8800	8800	8800	8800	8800
8800	8800	8800	8800	8800	8800	8800	8800	8800	8800	8800	8800	8800	8800	8800	8800	6800.3	4893.4	658.77	7234.4	7852.6	8800	8800	8800	8800	8800	8800	8800	8800	8800	8318	8800	8310.1	8800	8800	8800	8800	8800	8800	8800	8800	8800	8800	8800	8800	8800	8800	8800	8800	8800	8800	8800	8800	8800	8800	8800	8800	8800	8800	8800	8800	8800	8800	8800	8800	8800	8800	8800	8800	8800	8800	8800	8800	8800	8800	8800	8800	8800	8800	8800	8800	8800	8800	8800	8800	8800	8800	8800	8800	8800	8800	8800	8800	8800	8800	8800	8800	8800	8800	8800
8737.6	5069.7	8800	8800	8800	8800	8800	8800	8800	8800	8800	8800	8423.5	2208.7	2786.7	7776.7	8800	8800	8800	8800	8800	8800	8800	8800	8800	8800	8800	8800	8800	8800	8800	8800	8800	8800	8800	8800	8800	8800	8800	8800	8800	8800	8800	8800	8800	8800	8800	8800	8800	8800	8800	8800	8800	8800	8800	8800	8800	8800	8800	8800	8800	8800	8800	8800	8800	8800	8800	8800	8800	8800	8800	8800	8800	8800	8800	8800	8800	8800	8800	8800	8800	8800	8800	8800	8800	8800	8800	8800	8800	8800	8800	8800	8800	8800	8800	8800	8800	8800	8800	8800
1100.9	8800	7455.4	8800	8800	8800	8800	8800	8767.2	8800	8800	8800	8800	8800	8800	8800	8800	8800	8800	8800	8800	8800	8800	8800	8800	8800	8800	8800	8800	8800	8800	8800	8800	8800	8800	8800	8800	8800	8800	8800	8800	8800	8800	8800	8800	8800	8800	8800	8800	8800	8800	8800	8800	8800	8800	8800	8800	8800	8800	8254.8	8800	8800	8800	8800	8800	8800	8800	8800	8800	8800	8800	8800	8800	8800	8800	8800	8800	8800	8800	6528	5548.4	1918.6	1434.3	871.82	2479.5	8800	8800	8800	8800	8800	8800	8800	8800	8800	8800	8800	8800	8800	8800	8800
6680	8800	8800	8800	8800	8800	8800	8800	8800	8800	8800	8800	8800	8800	8800	8800	8800	8800	8800	8800	8800	8800	8800	8800	8800	8800	8800	8800	8800	8800	8800	8800	8800	8800	8800	8800	8800	8800	8800	8800	8800	8800	8800	8800	8800	8800	8800	8800	8389.4	8015.8	6572.6	4844.2	4287.9	3760.9	4077	4564.4	7146.3	6859.8	7936.1	8564.9	8800	8800	8800	8800	8800	8800	8800	8800	8800	8800	8800	8800	8800	8800	8800	8800	8800	8800	8800	8800	8800	8800	8800	8800	8800	8800	8800	8800	8800	8800	4181.6	4359.9	5067.5	4600.2	5065.2	6197.3	6290.1	5145.3	6923.7	6029.4
291.56	4817.9	4562.3	6017.3	5387.3	6234.8	5150.5	6979	4920.1	6437	6585.8	7606.4	4895.7	5222.4	4218.8	5612.8	4650.4	6401.8	8379.8	8800	8800	8800	8800	8800	8800	8800	8800	8800	8800	8800	8800	8800	8800	8800	8800	8800	8800	8800	8800	8800	8800	8800	8800	8800	8800	8800	8800	8800	8800	8800	8800	8800	8800	8800	8800	8800	8800	8800	8800	8800	8800	8800	8800	8800	8800	8800	8800	8800	8800	8800	8800	8800	8800	8800	8800	8800	8800	8800	8800	8800	8800	8800	8800	8191.3	8800	8199.6	8800	8678.1	8800	8750.9	8800	8800	8800	8800	8800	8800	8800	8800	8800	6984.9
3369.9	8800	8800	8800	8800	8800	8800	8606.3	8415.4	8800	8800	8800	8800	8800	8800	8800	8800	8800	8800	8800	8800	8800	8800	8800	8800	8800	8800	8800	8800	8800	8800	8800	8800	8800	8800	8800	8800	8800	8800	8800	8800	8800	8800	8800	8800	8800	8800	8800	8800	8800	8800	8800	8800	8800	8800	8800	8800	8800	8800	8800	8800	8800	8800	8800	8800	8800	8800	8800	8800	8800	8800	8800	8800	5627.3	4213.9	6646.4	6661.5	4338.9	4856.9	6013.6	4216.9	5245.5	6762.2	5696.5	4893.9	4807.6	3982	2943.5	5320.4	5784.2	4785.7	7488.3	7969.1	6887.8	8508.5	8282.8	8053.6	7598	8289.9	7753.5
2662.2	8800	8800	8800	8800	8800	8800	8800	8800	8800	8800	8800	8800	6160.4	5782.1	5305.1	5343.7	4858.4	6182.9	6084.5	4725.6	3806.4	5735.8	4579.1	4483.9	5204.9	8115.3	6340	8800	8800	8800	8800	8800	8800	8800	8800	8800	8800	8800	8800	8800	8800	8800	8800	8800	8800	8800	8800	8800	8800	8800	8800	8800	8800	8800	8800	8800	8575	8800	8746.2	8739.3	8800	8800	8800	8800	8800	8800	8800	8800	8800	8800	8800	8800	8800	8800	8800	8800	8800	8800	8800	8800	8800	8800	8800	8800	8800	8800	8800	8800	8800	8800	8800	8800	8800	8800	8800	8800	8800	8800	8800
8800	8800	8800	8800	8800	8800	8800	8800	8800	8800	8800	8800	8800	8800	8800	8800	8800	8800	8800	8800	8800	8800	8800	8800	8800	8638.1	6933.5	5158.4	5474.2	4988.4	4387.9	6852.1	7983.4	8800	8800	8800	8800	8800	8800	8800	8800	8800	8800	8800	8800	8800	8800	8800	8800	8800	8800	8800	8800	8800	8800	8800	8800	8800	8800	8800	8800	8800	8800	8800	8800	8800	8800	8800	8800	8800	8800	8800	8800	8800	8800	8674.6	8618.7	6615.6	6645	5818.4	6430	6897.7	6905.3	5928	7217.8	6513.8	5643.2	6519.6	6291.5	6664.9	6193.1	6415.2	6571.6	8399.8	8800	8800	8800	8800	8800	5253.6
8800	8800	8800	8800	8800	8800	8800	8800	8800	8800	8800	6482.9	6473.9	5899.3	6707.2	6189.1	5054	5878.5	7414.3	6154.5	6534.9	6760.5	6862.4	6500.1	7962.3	8731.7	7615.5	8800	8465.5	8800	8800	8800	8800	8800	8800	8800	8800	8800	8800	8800	8800	8800	8800	8800	8800	8800	8800	8800	8800	8800	8800	8800	8800	8800	8800	8800	8800	8800	8800	8800	8800	8800	8800	8800	8800	8800	8800	8800	8800	8800	8800	8800	7945.7	8668.4	4113.8	6166.2	6052.8	4642.4	6747.2	8657	8800	8800	8800	8800	8800	8800	8800	8800	8800	8800	8800	8800	8800	8800	8800	8800	8800	8800	8800	8800
2098.9	6801.9	8800	8800	8800	8800	8800	8800	8800	8800	8800	8800	8800	8800	8800	8800	8800	8800	8800	8800	8800	8800	8800	8800	8800	8800	8800	8387.4	7116.1	7482.4	7033.8	7416	7107.9	8596.4	8800	8800	8800	8800	8800	8800	8800	8800	8800	8800	8800	8800	8800	8800	8800	8800	8800	8800	8800	8800	8800	8800	8800	8800	8800	8800	8800	8800	8800	8800	8800	8800	8800	8800	8800	8800	8800	8800	8800	8800	5258.5	5098.1	4365.2	5845.4	5139.6	4250.9	4997.9	6458.7	4956.4	4731.5	4928.3	4192	3248.4	4229.2	3752.7	4550.5	5358.1	6239.3	5677.7	7058.7	5243.9	5841.6	5549.6	6467.3	6455.7	7034.9
5598.5	7147.9	8800	8800	8800	8800	8800	8800	8800	8800	8800	8800	8800	8800	8800	8800	8800	8800	8800	8800	8800	8800	8800	8800	8800	8800	8800	8800	8800	8800	8800	8800	8800	8800	8800	8800	8800	8800	8800	8800	8800	8800	8800	8800	8800	8800	8800	8800	8800	8800	8800	8800	8800	8790	5392.2	7314.7	5976.6	6040.4	8486.1	8136	8800	8800	8800	8800	8800	8788.5	7850.5	8714.8	8683.2	7797.7	8685.3	8023.5	6645.8	6022.7	6133.7	3907.4	4975.2	3688.7	4657.6	3742	5020.5	4331.9	4109	4509.4	4239.1	5919.6	5255.1	5821.8	6016.9	6697.4	4468.5	5477.6	5678.2	4712	4421.5	5473.7	4985.1	4437.8	5949.8	6378.9
7999.5	7672.3	8800	8800	8800	8800	8800	8800	8800	8800	8800	8800	8800	8800	8800	8800	8800	8800	8800	8800	8800	8800	8800	8800	8800	8800	8800	8800	8800	8800	8800	8800	8800	8800	8800	8800	8800	8800	8800	8800	8800	8800	8800	8800	8622.3	8800	8008.7	7445.5	3968.4	5773.7	6400.9	4147.7	6053	7878.4	7034.2	7022.3	8800	8800	8800	8800	8800	7285.5	4716.9	4645.4	5359.1	5868	4660.8	6170.8	5149.2	6224.4	4612.5	6112.1	5125.3	7058.4	6815.6	8800	8800	8800	8800	8800	8800	8800	8800	8800	8800	8800	8800	8800	8800	8800	8800	8800	8800	8800	8800	8800	8800	8800	8800	5076.2
118.16	8800	8800	8800	8800	8800	8800	8800	8800	8800	8800	8800	8800	8800	8800	8800	8800	8800	8800	8800	8800	8800	8800	8800	8800	8800	8800	8800	8800	8800	8800	8800	8800	8800	8800	8800	8800	8800	8800	8800	7500.6	5879.9	6260.1	3664.7	5695.1	4883.8	4780.1	6448.7	7088.4	4748.2	8800	8800	8800	8800	8800	8800	8800	8800	8800	8800	8800	8800	8800	8800	8800	8800	6151.8	5597.6	6296.2	4163.6	5551.3	6202.1	6296.6	5311.8	6722.3	6162.5	6676.5	8800	8800	8800	8800	8800	8800	8800	8800	8800	8800	8800	8800	8800	8800	8800	8800	8800	8800	8800	8800	8800	8800	8800
860.4	8800	8800	8800	8800	8800	8800	8800	8800	8800	8800	8800	8800	8800	8800	8800	8800	8800	8800	8800	8800	8800	8800	8800	8800	8800	8174.1	8574.7	6941.4	6884.9	7250.5	7819.2	6489.4	6948.3	8196.7	5954.9	6510.2	7825.2	7943.3	7223.5	8706.9	7997.5	7823.7	7175.1	7629.8	8800	8800	8800	8800	8800	8800	8800	8800	8800	8800	8800	8800	8800	8800	8800	8800	8800	8800	8800	8800	8800	8800	8800	8800	4473.2	3216.5	3363.9	3308.8	4826.2	8800	8800	8800	8800	8800	8800	8800	8800	8800	8800	8800	8800	8800	8800	8800	8800	8800	8800	8800	8800	8800	8800	8800	8800	3436.7	4511.6
6018.4	8398.2	8800	8800	8800	8800	8800	8800	8800	8800	8777.8	7509.2	8800	8800	8800	8800	8800	8800	8800	8800	8800	8800	8800	8800	8800	8800	8800	8800	8800	8800	8800	8800	8800	8800	8800	8800	8800	8800	8800	8800	8800	8800	8800	8800	8800	8800	8800	8800	8800	8800	8800	8800	8800	8800	8800	8800	8800	8800	8800	8800	8800	8800	8800	8800	8800	8800	8800	8800	8800	8800	8800	8800	8800	8800	8800	8800	8800	7468.6	6168.6	4095	5338.1	4199.5	5551.9	5993.8	6198.9	4507.9	5561.5	4773.6	4895.6	7500.2	8800	8800	8800	8800	8800	8800	8800	8800	8800	8800
8800	8800	8800	8800	8800	8800	8800	8800	8800	8800	8800	8800	8800	8800	8800	8800	8800	8800	8800	8800	8800	8800	8800	8800	8800	8800	8800	8800	8800	8800	8800	8800	8800	8800	8800	8800	8800	8800	8800	8800	8800	8800	8800	8800	8800	8800	8800	8800	6108.2	5520.8	6892.5	6053.1	6262.2	7411.8	6454.5	4869.7	5599.7	6111.8	4329	8236.2	7347.8	8800	8800	8800	8800	8800	8800	8800	8800	8800	8800	8800	8800	8800	8800	8800	8800	8800	8800	8800	8800	8800	8800	5799	4907.7	5363.1	5647.7	5486.1	8101.4	6380.5	6695.6	5747	7479.3	5556.9	5532.5	6320.1	6573.8	6539	7290.3	8645
8800	8800	8800	8800	8800	8800	8800	8800	8800	8800	8800	8800	8800	8800	8800	8800	8800	8800	8800	8800	8800	8800	8800	8800	8800	8800	8800	8800	8800	8800	8800	8800	8800	8800	7842.7	7175.1	5996.7	6599.8	5218.1	7870	7699.1	6628.2	5956.8	6089.2	3701.7	4794.4	5003.2	5982.1	5530.3	8800	8800	8800	8800	8800	8800	8800	8800	8800	8800	8800	8800	8800	8800	8800	8800	8800	8800	8800	8800	8800	8800	8800	8800	8800	8800	8517.5	8800	8800	8800	8800	8800	8800	8800	8800	8800	8800	8800	8800	8800	8800	8800	8800	8589.4	3645.6	3722.5	6399.1	5302.6	5978.1	6040.1	8185.2
8800	8800	8800	8800	8800	8800	8800	8800	8800	8800	6408.5	7288.8	7194.9	7626.8	7183.1	6877.8	7703.3	7977.9	8131.4	8725.2	7812	6725.6	6242.9	5570.1	6009.9	8800	8800	8800	8800	8800	8800	8800	8800	8800	8800	8800	8800	8800	8800	8800	8800	8800	8800	8800	8800	8800	8800	8800	8800	8800	8800	8800	8800	8800	8800	8800	8800	8800	8800	8800	8800	8800	8800	8800	8800	8800	8800	8800	8800	8800	8439	8800	8800	8800	8800	8800	8800	8800	8800	8800	8800	8800	8800	8800	8800	8800	7934.7	4683.1	5316.6	5889.5	4658.4	3836.3	3464	5190.8	4932.9	5657.9	6008.1	6577.1	3981.3	3259.3
8800	8800	8800	8800	8800	8800	8800	8800	8800	8800	8800	8800	8800	8800	8800	8800	8800	8800	8800	8800	8800	8800	8800	8800	8800	8800	8800	8800	8800	8800	8800	8800	8800	8800	8800	8800	8800	8800	6507.2	8121	6429.6	6822.8	5449	7583.9	6146.4	7743.5	7613.5	8718.9	7396.4	7458.6	6817.3	7527.2	8293.2	8800	8800	8800	8800	8800	8800	8800	8800	8800	8800	8800	8800	8800	8800	8800	8800	8800	8800	8800	8800	8800	8800	8800	8800	8800	8800	8800	8800	8800	8800	8800	8800	8800	8800	8800	7470.9	6347.7	5240.7	4624.4	3957.4	4097.2	2978.9	3286.6	4030.9	5827.6	4735.6	7483.4
31.341	8800	8800	8800	8800	8800	8800	8800	8800	8800	8800	8800	8800	8800	8800	8800	8800	8800	8800	8800	8800	8800	8800	8800	8800	8800	8800	8800	8800	8800	8800	8800	8800	8800	8800	8800	8800	8800	8800	8800	8800	8800	8800	8800	8800	8800	8800	8800	8800	8800	8800	8553.4	8307.7	7517.1	6602.8	6089.9	7584.4	6633.1	7035.6	7137.4	8800	7637.6	7853.5	8319.2	8800	8576.1	8800	8800	8800	8800	8800	8800	8800	8800	8800	8800	5125.5	7244.5	7953.3	7168.9	5673.3	6486.5	4291.6	3163.6	3271.3	2585.9	3341.1	5418.2	5809.4	5917.6	6951.5	4871.8	4175.4	5009	4663.6	4026.5	5065.6	4966.3	3935.3	5622.2
4374.2	5707.9	8800	8800	8800	8800	8800	8800	5732.6	5401.5	5038.3	4946.1	5973.2	6664.3	7129.9	6551.7	6881	6816.1	7096.6	8800	8800	8800	8800	8800	8800	8800	8800	8800	8800	8800	8800	5929.2	5285.8	5532.3	5382	4216.5	4104	5049.4	5109.4	5704.7	7475.1	7216.5	7513.4	8262.2	8800	8800	8800	8800	8800	8800	8800	8800	8800	8800	8800	8800	8800	8800	8800	8800	8800	8800	8800	8800	8800	8800	8800	8800	8800	8800	8800	8800	8800	8800	8800	8800	8800	8800	8800	8800	8800	8800	8800	8800	8800	8800	8800	8800	8800	8800	8800	8800	8800	8800	8800	8800	8800	8800	8800	8800
8687.6	7239.7	5932.6	5766.4	5334.6	4827.6	5241.7	5196.1	6470.4	6127.1	5555.8	3978.9	5468.4	4068.9	4313.5	3637.2	6640.3	8800	8800	8800	8800	8800	8800	8800	8800	8800	8800	8800	8800	8800	8800	8800	8800	8800	8800	8800	8800	8800	8800	8800	8800	8800	8800	8800	8800	8800	8800	8800	8800	8800	8800	8800	8800	8800	8800	8800	8800	8800	8800	8800	8800	8800	8800	8800	8800	8800	8800	8800	8800	8800	8800	8800	8800	8800	8800	8784.8	8800	8784.6	8800	8800	8800	8800	8800	8800	8800	8800	8800	8800	8800	8800	8800	8800	8800	8800	8800	8800	8800	7893	6878	7002.7
8800	8800	8800	8800	8800	8800	8800	8800	8800	8800	8800	8800	8800	8800	8800	8800	8800	8800	8800	8800	8800	8800	8800	8800	8800	8800	8800	8800	8800	8800	8800	8800	8800	8800	8800	8800	8800	8663.6	8800	4239	6507.6	5786	8800	8800	8800	8800	8800	8800	8800	8800	8800	8800	8800	8800	8800	8800	8800	8800	8800	8800	8800	8800	8800	8800	8800	8800	8800	8800	7264.1	8282.1	8800	8800	8442.6	8800	8381.8	8614.9	8059.5	8216.2	8077.1	7273.4	6239.6	5674.4	6151.6	4408.9	4661.1	3984.4	5870.3	5819.1	5253.3	6110.1	8234.8	6136.6	5427.4	7946	6439.9	4335.7	5322.3	6435.3	6250.4	7754.4
4481.7	8800	8800	8800	8800	8800	8800	8800	8800	8800	8800	122.37	8800	8800	8800	8800	8800	8800	8800	8800	8800	8800	8800	8800	8800	8800	8800	8800	8800	8800	8800	8800	8800	8800	8800	8800	8800	8800	8800	8800	8800	8800	8800	8800	8800	8800	8800	8800	8800	8800	8800	7569.9	5302.2	7924.3	8800	8800	8800	8800	8800	8800	8800	8800	8800	8800	8800	8800	8800	8800	8800	8800	8800	8800	8800	8800	8800	8800	8800	8800	8800	8800	8800	8800	8800	8800	8800	8800	8800	8800	8800	8692.8	7881.2	3717	3392.7	3347.4	2032.4	1781.4	4036.8	4599.9	5795.1	6126.7
-6.6056	1391.8	993.86	851.17	622.68	5787.3	8122.7	8800	8800	8800	8800	8800	8800	8800	8800	8800	8800	7467.6	1047.2	8347.5	8800	8800	8800	8800	8800	8800	8800	8800	8800	8800	8800	8800	8800	8800	8800	8800	8800	8800	8800	8800	8800	8800	8800	8800	8800	8800	8800	8800	8800	8800	8800	8800	8800	8800	8800	8800	8800	8800	8800	8800	8800	8800	8800	8800	8800	8800	8800	8800	8800	8800	8800	8800	8800	8800	8800	8800	8800	8800	8800	8800	8800	8800	8800	8800	8800	8800	8800	8800	8800	8800	8800	8800	5308.3	5109	6579.5	7484.8	6558.4	5568.9	6643.5	6152.6
7300.7	7831.9	8800	8800	8800	8800	8800	8800	8800	8800	8800	8800	8800	8800	8800	8800	8800	8800	8800	8800	8800	8800	8800	8800	8800	8800	8800	8800	8800	8800	8800	8800	8800	8800	8800	8800	8800	8800	8800	8800	8800	8800	8800	8800	8800	8800	8800	8800	8800	8800	8800	8800	8800	8800	8800	8800	8800	8800	8800	8800	8800	8800	8800	8800	8800	8800	8800	8800	8800	8800	8800	8800	8800	7025.7	2624	3176.8	2996.2	2725.8	3086.9	3774.3	3614.9	3749.6	4414.1	5026.1	4531.3	4801	5735.7	6090.6	5897.2	5654.5	4790.8	4349	3576.2	3358.4	3502.8	3685.6	4776	5803.2	5240.2	5464.3
8800	8800	8800	8800	8800	8800	8800	8800	8605.7	7235	6222.3	8800	8800	8800	8800	8800	8800	8800	8800	8800	8800	8800	8800	8800	8800	8800	8800	8800	8800	8800	8800	8800	8800	8800	8800	8800	8800	8800	8800	8800	8800	8800	8800	8800	8800	8800	8800	8800	8800	8800	8800	8800	6993.9	4382.3	5251.5	7704.5	8800	8800	8800	8800	8800	8800	8800	8800	8800	8800	8800	8800	8800	8800	8800	8800	8800	8800	8800	8800	8800	8800	8800	8800	8800	8800	8800	8800	8800	8800	8800	8800	8800	8800	8800	8800	8800	8800	8800	8800	6521.6	6870.7	7037	4839
8800	8800	8800	8800	8800	8800	8800	8800	8800	8800	8800	8800	8800	8800	8800	8800	8800	8800	8800	8800	8800	8800	8800	8800	8800	8800	8800	8800	8800	8800	8800	8800	8800	8800	8800	8800	8800	8800	8800	8800	8800	8800	8800	8800	8800	8800	8800	8800	8800	8800	8800	8800	8800	8800	8800	8800	8800	8800	8800	8800	8800	8800	8800	8800	6069	6143.5	8800	8800	8800	8800	8800	8800	8800	8800	8800	8800	8800	8800	8800	5113.4	8800	8800	8800	8800	8800	8800	8800	8800	8800	8800	8800	8800	8800	8800	8800	8800	8800	8800	8800	8800
8800	8800	8800	8800	8800	8800	8800	8800	8800	8800	8800	8800	8800	8800	8800	8800	8800	8800	6805.3	6603.6	8800	8800	8800	8800	8800	8800	8524.2	4008.2	8800	8800	8800	8800	8800	8800	8800	8800	8800	8800	8800	8800	8800	8800	8800	8800	8800	8800	8800	8800	8800	8800	8800	8800	8800	8800	8800	8800	8800	8800	8800	8800	8800	8800	8800	8800	8800	8800	8800	8800	8800	8800	8800	8800	8800	8800	8800	8800	8800	8800	8800	8800	8800	8800	8800	8800	8800	8800	8800	8800	8800	8800	8800	8800	8504.3	7795.9	6687.7	5670.9	5935	5439.8	5212.5	4073.2
8800	8800	8800	8800	8800	8800	8800	8800	8800	8800	8800	6509.5	8800	8800	8800	8800	8800	8800	8800	8800	8800	8800	8800	8800	8800	8800	8800	8800	8800	8800	8800	8800	8800	8800	8800	8800	8800	8800	8800	8800	8800	8800	8800	8800	8800	8800	8800	8800	8800	8800	4494.7	5509.1	6586.3	8800	8800	8800	8800	8800	8800	8800	8800	8800	8800	8800	8800	8800	8800	8800	8800	8800	8800	8800	8800	8800	8800	8800	8800	8800	5550.4	6790.5	6146	6133.9	8800	8800	8800	8800	8800	8723.5	7052.6	6487.5	4072.1	2732.2	3790.9	4417.2	4583.5	5529.6	7228.7	6527.6	5530	6174.2
8800	8800	8800	8800	8800	8800	8800	8800	8800	5981.9	1773.5	7356	8680.1	8800	8800	8800	8800	8800	8800	8800	8800	8800	8800	8800	8800	8800	8800	8800	8800	8800	8800	8800	8800	8800	8800	8800	8800	8800	8800	8800	8800	8800	8800	8800	8800	8800	8800	8800	8800	8800	8800	8800	8800	8800	8800	8800	8800	8800	8800	8800	8800	8800	8800	8800	8800	8800	8800	8800	8800	8800	8800	8800	8800	8800	8800	8800	8800	8800	8800	8800	8800	8800	8800	8800	8800	8800	6564.7	5164.3	8800	8800	8800	8800	8800	8800	8800	8800	8800	8800	8800	8800
8800	8800	8800	8800	8800	8800	8800	8800	8800	8800	8800	8800	8800	8800	8800	8800	8800	8800	8800	8800	8800	8800	8800	8800	8800	8800	8800	8800	8800	8800	8800	8800	8800	8800	8800	8800	8800	8800	8800	8800	8800	8800	8800	8800	8800	8800	8800	8800	8800	8800	8800	8789.4	6282.9	5026.8	1992.2	8800	8800	8800	8800	8800	8800	8800	8800	8800	8800	8800	8800	8800	8800	8800	8800	8800	8800	8800	8800	8800	8800	8800	8800	8800	8800	8800	8800	8800	8800	8800	8800	8800	8800	8800	8290.7	8127.8	5391.2	6450.7	4656.6	4311.7	2589.3	3170.6	3489.4	3550.2
-233.82	8051.1	8800	8800	8800	8800	8800	8800	8800	8800	8800	8800	8800	8800	8800	8800	8800	400.79	6002.9	6563.2	8800	8800	8800	8800	8800	8800	8800	8800	8800	8800	8800	563.22	8800	8800	8800	8800	8800	8800	8800	8800	8800	8800	8800	8800	8800	8800	8800	8800	8800	8800	8800	8800	8800	8800	8800	8800	8800	8800	8800	8800	8800	8800	8800	8800	8800	8800	8800	8800	8800	8800	8800	8800	8800	8800	8800	8800	8800	8800	8800	8800	8800	8800	8800	8800	8800	8800	8800	8800	8800	8800	7880.6	4944.8	3919.3	2038.2	3307.2	2985.9	3052	4592.3	6347.5	4456.7
8800	8800	8800	8800	8800	8800	8800	8800	8800	8800	8800	8800	8800	8800	8800	8800	8800	8800	8800	8800	8800	8800	8800	8800	8800	8306	7017.1	8800	8800	8800	8800	8800	8800	8800	8800	8800	7665.4	7755.5	6273.5	8800	8800	8800	8800	8800	8800	8800	8800	8800	8800	8800	8800	8800	8800	8800	8800	8800	8800	8800	8800	8800	8800	8800	8800	8800	8800	8800	8800	8800	8800	8800	8800	8800	8800	8800	8800	8800	8800	8800	8800	8800	8800	7930.4	6881.6	7666.4	7157	5189.1	4392	5001.6	5999.9	5233.3	5940.6	7413.8	5886.1	4664.3	5687.2	7107.3	4942.3	5853.9	5048.3	4924.1
8800	6352.9	8800	8800	8800	8800	8800	8800	8800	8800	8800	8800	8800	8800	8800	8800	8800	8800	8800	8800	8800	8800	8800	7785.2	5697.3	5874	8766.9	8800	8800	8800	8800	8800	8800	8800	8800	8800	8800	8800	8800	8800	8800	8800	8800	8800	8800	8800	8800	8800	8800	8800	8800	8800	8800	8800	8800	8800	8800	8800	8800	8800	8800	8800	8800	8800	8800	8800	8800	8800	8800	8800	8800	8800	8800	8800	8800	8800	8800	8800	8800	8800	8800	8800	8800	8800	8800	7944.7	4574.2	5676.1	5897.1	4888	5210.6	6267.8	5874.9	6654	6276.2	5313.8	6378.9	5697.7	4013.8	4482
8405.7	8800	8800	8800	8800	8800	8800	8800	8800	8800	8800	8800	8800	8800	8800	8800	8800	8800	8800	8800	8800	8800	8800	8800	8800	8800	8800	8800	8800	8800	8800	8786.1	747.61	8581.7	8800	8800	8800	8800	8800	8800	8800	8800	8800	8800	8800	8800	8800	8800	8800	8800	8800	8800	8800	8800	8800	8800	8800	8800	8800	8800	8800	8800	8800	8800	6594.5	4937.4	8800	8800	8800	8800	8800	8800	8800	8800	8800	8800	8800	8800	8800	8800	8800	8800	8800	8800	8800	8800	8800	8800	8800	8800	8800	8800	8800	8800	5690.1	5803.2	5972.8	4793.9	4797	5548.5
29.134	8800	8800	8800	8800	8800	8800	8800	8800	8800	8800	8800	8800	8800	8800	8800	7543.7	8800	8800	8800	8800	8800	8800	8800	8800	8800	8800	8800	8800	8800	8800	8800	8800	8800	8800	8800	8800	8800	8800	8800	8800	8800	8800	8800	8800	8800	8800	8800	8800	8800	8800	8800	8800	8800	8800	8800	8800	8800	8800	8800	8800	8800	8800	8800	8800	8800	8800	8800	8800	8800	8800	8800	8800	8800	8800	8800	8800	8800	8800	8800	6282	8800	8800	8800	8800	8800	8800	8800	8800	8800	8800	8800	8800	3914.5	3493.4	2270.4	2562.8	2316.4	3482.1	4594.8
8800	8800	8800	8800	8800	8800	8800	8800	8800	8800	8800	8800	8800	8800	8800	8800	8800	8800	8800	8800	8800	8800	8800	8800	8800	8800	8800	8800	8800	8800	7778.3	8800	6397.8	8800	8800	8800	8800	8800	8800	8800	8800	8800	8800	8800	8800	8800	8800	8800	8800	8800	8800	8800	8800	8800	8800	8800	8800	8800	8800	8800	8800	8800	8800	8800	8800	8800	8800	8800	8800	8800	8800	8800	8800	8800	8800	8800	8800	8800	8800	8800	8800	8800	8800	8800	8800	8800	8800	8800	8800	8800	8800	8800	8800	8414.6	6785.7	5996.3	5882.1	5463.7	6139	6548.5
8800	8800	8800	8800	8800	8800	8800	8800	8800	8800	8800	8800	8800	8800	8800	8800	8800	8800	8800	8800	8800	8800	8800	8800	8800	8800	8800	8800	8800	8800	8800	8800	8800	8800	8800	8800	8800	8800	8800	8800	8800	8800	8800	8800	8800	8800	8800	8800	8800	8800	8800	8800	8800	8800	8800	8800	8800	8800	8800	8800	8800	8800	8800	8800	8800	8800	8800	8800	8800	8800	8800	8800	8800	8800	8800	8800	8800	8800	8800	8800	8800	8800	8800	8800	8800	8800	8800	8800	8800	8800	8800	8172.1	7044.7	5591.5	5963.6	6140.4	4764	4287.1	4975.8	5884.7
-65.665	8800	8800	8800	8800	8800	8800	8800	8800	8800	8800	8800	8800	8800	8800	8800	8800	8800	8800	8800	8800	8800	8800	8800	8800	8800	8800	8800	5415.7	6206.5	8800	8800	8800	8800	8800	8800	8800	8800	8800	8800	8800	8800	8800	8800	8800	8800	8800	8800	8800	8800	8800	8800	8800	8800	8800	8800	8800	8800	8800	8800	8800	8800	8800	8800	8800	8800	8800	8800	8800	8800	8800	8800	8800	8800	8800	8800	8800	8800	8800	8800	8800	8800	8800	8800	8800	8800	8800	8800	8800	8800	6258.5	8800	8800	8800	8800	8800	8800	8800	7078	6575.2
1686	994.56	8800	8800	8800	8800	8800	8800	8800	8800	8800	8800	8800	8800	8800	8800	8800	8800	8800	8800	8800	8800	8800	8800	8800	8800	8800	8800	8800	8800	8800	8800	8800	8800	8800	8800	8800	8800	8800	8800	8800	8800	8800	8800	8800	8800	8800	8800	8800	8800	8800	8800	8800	8800	8800	8800	8800	8800	8800	8800	8800	8800	8800	8800	8800	8800	8800	8800	4934.1	8800	8800	8800	8800	8800	8800	8800	8800	8800	8800	8800	8800	8800	8800	8800	8800	8800	8800	8800	8800	8800	8289.9	6197.2	324.55	7620.7	8800	8800	8800	8800	6454	5148.2
8800	8800	8800	8800	8800	8800	8800	8800	8800	8800	8800	8800	8800	8800	8800	8800	8800	8800	8800	8800	8800	8800	8800	8800	8800	8800	8800	8800	8800	8800	8800	8800	8800	8800	8800	8800	8800	8800	8800	8800	8800	8116.7	8096.1	7654.3	8800	8800	8800	8800	8800	8800	8800	8800	8800	8800	4104.5	4524.9	8800	8800	8800	8800	8800	8800	8800	8800	8800	8800	8800	8800	8800	8800	8800	8800	8800	8800	8800	8800	8800	8800	8800	8800	7926.7	5774	5291.7	6014.1	6179.7	7779	6235.1	6218	5687.8	6700.9	4951.4	6040.4	5200.2	5996.8	5171.6	6497.2	5944.7	6935.6	7075.7	7807.5
8800	8800	8800	8800	8800	8800	8800	8800	8800	8800	8800	8800	8800	8800	8800	8800	8800	8800	8800	8800	8800	8800	8800	7973.8	1273	5731.2	8800	8800	8800	8800	8800	8800	8800	8800	8800	8800	8800	8800	8800	8800	8800	8800	8800	8800	8800	8800	8800	8800	8800	8800	8800	8800	8800	8800	629.92	5760.8	8800	8800	8800	8800	8800	8800	8800	8800	8800	8800	8800	8800	8800	8800	8800	8800	8800	8800	8800	8800	8800	8800	8800	8800	8800	8800	8800	8800	8800	8800	8800	8800	8800	8800	8800	8800	8800	8800	8800	8800	8800	4733.1	4535.2	5902.1
8800	8800	8800	8800	8800	8800	8800	8800	8800	8800	8800	8800	8800	8800	8800	3185.9	4702.9	4114.6	3652.1	3798.3	5680.1	8800	8800	8800	8800	8800	8800	8800	8800	8800	8800	8800	8800	8800	8800	8800	8800	8499.5	8800	8800	8800	8800	8800	8800	8800	8800	8800	8800	2578.2	1557.6	2278.1	2587.4	4298.9	6526.7	8800	8800	8800	8800	8800	8800	8800	8800	8800	8800	8800	8800	8800	7019.8	1558	1294.3	5599.1	8800	8800	8800	8800	8800	8800	8800	8800	8800	8800	8800	6641	6140.3	905.41	1378.5	2138	6292.6	8800	8800	8800	8800	6508	1518.1	2883.8	4448.3	5991.6	8134.3	8075.7	7739.6
1411.3	6882.8	8800	8800	8800	8800	8800	8800	8800	8800	8800	8800	1967.6	1409.7	2106.1	5545.3	8081	8800	8800	8800	8800	8800	8800	8800	8800	8800	8800	8800	8800	3090.7	3975.5	3653.8	3933.1	3402.8	8343.7	8800	8800	8800	8800	8800	8800	8800	7495.3	6180	2663.8	2280.4	5140	4782.2	4489.7	4410.3	4425.2	2095.5	1821.8	2144.5	7296.1	8800	8800	8800	8800	8800	8800	8800	8800	8800	8800	8800	8800	8800	8800	8800	8800	8800	8800	8800	8800	6585.5	7270.3	4219.3	4662.2	6758.9	6952	6095.4	5873.3	5442.4	5341.7	5448.3	5222.7	5105	6020.4	3720.4	4184	6085.1	6590.3	4231.1	4372.9	5627.4	3594	5851.5	5752.7	6797.9
3020.3	8800	8800	8800	8800	8800	8800	8800	8800	6601.1	4396.8	4309.4	3431.3	3668.5	4460.3	4172.1	4593.7	7422.2	8800	8800	8800	8800	8800	4387.5	4833.5	8800	8800	8800	8800	8800	8800	8800	8800	8800	8800	8800	8800	8800	8800	8800	8800	8800	8800	8800	8800	8800	8800	8800	8800	8800	8800	8800	8800	8800	8800	8800	8800	8800	8800	8800	8800	8800	8800	8800	8800	8800	8800	8800	5971.7	4251.4	2461.5	2728.2	1711.9	2624.9	8800	8800	8800	8800	8800	8800	8380.6	2821.6	2863.4	3842.8	4754.7	4624.9	4921.3	8492.3	8800	8800	8800	8800	8800	8800	3110.3	1341.5	2922.8	8800	8800	8800
1402.2	5384.4	8800	8800	8800	8800	8800	8800	8800	8800	8800	8800	8800	8800	8800	8800	8800	8800	4787.9	4378.3	4750	4304.4	4748.1	6421.6	8800	8800	8800	8800	8800	8800	8800	8800	8800	8800	8800	8800	8800	8800	8800	8800	8800	8800	8800	8800	8800	8800	6190.9	7395.3	5534.8	5167.7	4966.3	6032.1	5707.3	5371.3	8533.4	8800	8800	8800	8800	8800	8800	8800	5144.5	1003.8	3351.2	7136.4	8800	8800	8800	8800	8800	8800	8800	8800	1282.7	1048.6	5837.1	8800	8800	8800	8800	8800	8800	8800	8800	8800	8800	8800	4530	1650.9	1114.1	5331.1	7947.8	8800	8800	8800	8800	8800	7036.2	5833
8800	8800	8800	8800	8800	8800	8800	8800	8618.7	5247.2	1918.2	1705	6373.4	8800	8800	8800	8800	8800	8800	8800	8800	8800	8800	8800	8800	8800	8800	4066.2	4361.8	3811.7	3000.3	2201.9	8348.7	8800	8800	8800	8800	4253	4678.7	5666.6	4511.6	5198.6	6178.3	5748.1	4620.6	8262.5	7596	8800	8800	8800	8800	8800	8800	8800	8800	8800	8800	8800	8800	8800	8800	8800	8800	8800	8800	8800	8800	8800	8800	8800	7427.1	5925.2	1301.8	829.16	8800	8800	8800	8800	8800	8800	8800	8800	8800	8800	8800	8800	6989.2	4306.3	2129.8	3069.3	8303.5	8800	8800	8800	8800	8800	8800	8800	8800	8800
8800	8800	8800	8558.6	7027	4287.3	1895.8	2009	8800	8800	8800	8800	8800	8800	8800	8800	8800	8800	7670.1	2037.8	2059.6	2772.2	8800	8800	8800	8800	8800	8800	8800	8800	8800	8800	8800	8800	8800	8800	8800	8800	8800	8800	8800	8800	8800	8800	8800	8800	6496.2	6257.9	4423.3	5343.9	5685	6271.4	4639.6	4811.1	6166.8	7412.3	8800	8800	8800	8800	8800	8800	8800	8800	8800	8800	8800	8800	8800	8800	8800	7760	2688.5	2655.5	2507.1	3643.9	4030.1	8800	8800	8800	8800	8800	8800	8800	8800	8800	8800	1422.7	1811.4	6438.4	8800	8800	8800	8800	8800	8800	8800	8800	5893.3	3468.5
15.979	8800	8800	8800	8800	8800	8800	8800	8800	8800	8800	8800	8800	8800	8800	8800	8800	8730.6	2851.9	3545	2855.8	2208.6	3722.7	7071.2	7504.3	8800	8800	8800	8800	8800	8800	8800	8800	8800	8800	8800	8800	6777.6	4958	5474.6	5233.8	5957.9	5622.3	4461.2	5049	5456.4	8800	8800	8800	8800	8800	8800	8800	5815.8	2482.9	2570.2	6762.6	6949.4	8800	8800	8800	8800	8800	8800	8800	8800	8800	8800	8800	8800	8800	8800	8800	8800	8800	8800	1212.1	536.38	4961.8	8800	8800	8800	8800	8800	6151.1	5608.8	2400.8	2380.8	4282.7	7614.6	8800	8800	8800	8800	8800	8800	8800	8800	8800	8800
190.14	8800	8800	8800	8800	8800	8800	8800	8800	8800	8800	8800	3307	2418.4	1956.4	4512.5	8800	8800	8800	8800	8800	8800	8800	8800	8800	8800	8800	7738.5	8800	6794	7720.7	6106.9	7610.6	7750.2	7601	7864.7	7421.2	7613.7	7824	6781.1	7798.7	8800	8800	8800	8800	8800	8800	8800	8800	8800	8800	8800	8800	8800	8800	8800	8800	8479.3	8800	8800	8800	8800	8800	8800	8800	8800	8800	8800	8800	7521.6	6755.4	6236	6402.9	8800	8800	8800	8800	8800	8800	8800	8800	8800	8800	8800	8800	8800	8800	8800	8800	2040.1	4771.8	8800	8800	8800	8800	8800	8800	8800	8800	8800
5829.4	8800	8800	8800	8800	8800	8800	5830.2	5503.4	6994.8	5736.9	5485.9	6052.9	6399.3	6522.3	6564.1	6176.1	7217.2	6570.4	8800	8800	8800	8800	8800	8800	8800	8800	8800	8800	8800	8800	8800	8800	8800	8800	8800	4673.6	807.53	5172.5	8800	8800	8800	8800	8800	8800	8800	8800	8800	8800	8800	8800	8800	8800	8800	8800	8800	8478.9	6222.6	2539.2	2113.9	2665.9	8653.1	8800	8800	8800	8800	8070.7	6158.8	3083	3336	3209.9	7872.2	8800	8800	8800	8800	8800	8800	8800	8800	8800	8800	8800	8800	8800	8800	5554.8	1170.3	5092.2	8375	8800	8800	8800	8800	8800	8800	8693.8	6667.5	7202	6437.6
6782.9	8800	8800	8800	8800	8800	5890.5	6815.9	4914.9	6278.4	5992.6	7835.9	6506	7868.6	6415.8	8800	8800	8800	8800	8800	8800	8800	6769.1	1240.8	7534.2	8800	8800	8800	8800	8800	8800	8800	8800	8800	8800	8800	8800	8800	8800	8800	8800	8800	8800	8800	8800	8800	8800	8800	8800	8800	8800	8800	8800	8800	8800	8800	8800	8800	8800	8800	8800	8800	5762	7162.5	7190.1	5882.7	6763.9	7774.5	7203.4	5798.3	6306.6	5988.7	8800	8800	8800	8800	8800	4532.8	8800	8800	8800	8800	8800	8800	8800	8184.9	3341.2	6713.6	8056.8	8800	8800	8461.8	7213.1	7513.6	6875.7	7056.9	6400.6	4479.7	3132.8	4695.1
1537.3	7652.3	7598.3	8800	8800	8800	8800	8800	8800	8800	8800	8800	8800	8800	8800	8800	8800	8800	8800	8800	8800	8800	8800	2779.1	4857.9	5093	5076.6	8800	8800	8800	8800	8800	7994.3	6407.6	2896.5	2994.1	4229.5	4985.5	6340.9	6126.8	4605.8	2610.4	1839.5	586.36	6292	7595.1	8800	8800	8800	8800	8800	8800	8800	8800	8615.6	2324.5	2469.9	3152.8	4378.9	4224.7	8800	8800	8800	8800	8800	8800	8800	8800	8800	8800	8800	8800	8800	8800	8800	8800	8800	8800	8800	8800	8800	7542.8	5484.9	5350.5	4415.3	4339.6	3408.5	2796.2	3711.9	5543	8800	8800	8800	8800	8800	8800	8800	8800	8005.3	5610
8800	8800	8800	8800	8800	8800	8800	8238.6	6564.2	3846.7	4674	5396.2	5104.4	4730.5	5105.3	5800.6	6768	8800	8800	8800	8800	8800	6670.1	3937.4	4183	3231.9	8800	8800	8800	8800	8800	8800	8800	7986.6	5922.5	1645.8	1828.2	8800	8800	8800	8800	8800	8800	8800	8800	8800	8800	8800	8800	8800	8800	8800	8800	8800	8800	4752.6	6149.9	6547.4	4387.2	3668.1	4017.7	4335	8582.3	8345	8296.9	7682.7	5773.2	1106.4	5265.2	6926.7	8800	8800	8800	8800	8800	8800	8800	8800	8800	8800	8800	8800	8800	8800	8800	8800	8800	8800	8800	8800	8800	8800	8800	8800	8800	8800	8800	8800	8800	8800
632.22	298.83	1716.6	1493.7	1207.5	8260.4	8800	8800	8800	8800	8800	8800	8800	8800	8800	8800	7734.4	5885.5	5757	5273.1	6424.3	7342.6	7279.9	7218.4	7144.4	7477	8071.2	6006.2	7315.1	8181.2	6504.4	6219	7745.7	5989.5	5424.1	5855.9	5198.7	4038.8	8800	8800	8800	8800	8800	8800	8800	8800	8800	8800	8800	8800	8800	8800	8800	8800	2866.4	2133.9	8525.7	8800	8800	8800	8800	8800	8800	8800	8800	8800	8800	8800	8800	8800	8800	8800	8800	8800	8800	8800	8800	8800	4351.2	8390.2	8707.7	8800	8800	8800	8800	8800	8800	8800	8800	8800	8800	8800	8800	8800	8800	8800	8800	8800	8800	8800
555.81	1285.9	966.47	929.52	1116.6	1429.4	1271.7	8267.7	8800	8800	8800	8800	8800	8800	8800	8800	8800	8800	8800	8180.5	6855.5	5657.9	3131.8	3555.4	3170.7	4373	8183.8	8800	8800	8800	8800	7347.8	2978.9	3332.3	2508.7	2886.8	3826.6	7010.6	8800	8668	8800	8800	8800	8800	8800	8800	8800	8800	8800	8800	8800	8800	8800	8800	8800	8800	8800	8800	8800	8800	8800	8800	8800	4480.5	4133.8	4661.3	4427.9	5364.6	6405.2	8800	8800	8800	8722.4	5977.4	1078.8	1222.5	1309.2	6539.3	8800	8800	8800	8800	8800	8800	8800	8800	8800	8800	8800	8800	8800	8800	8800	8800	8800	8800	8800	8800	8800	8800
8800	8800	8800	8800	8800	8800	8800	6756.4	3062.5	2186.2	8800	8800	8800	8800	8800	8800	8800	7856.8	8800	7090.2	6711.4	5259.6	6414.9	4902.6	4400.1	3433.9	4012.4	6866.1	8800	8800	8800	8800	8800	8800	8800	8800	8800	8800	8800	8800	8800	8800	8800	8800	8800	8800	8800	8800	8800	6048.2	2100.2	8800	8800	8800	8800	8800	8800	8800	8800	8800	8800	8800	8800	7490.2	6023.5	2559.2	2173.6	4630.9	7528.2	8800	8800	8800	8800	8800	8415.4	7437.9	5179	5939.8	4602.4	4244.5	5021.3	5325.6	4713.1	7327.6	7428.4	7762.2	8584.9	8800	6670.5	7758.8	6571.3	5948.4	5155.3	4395.9	3367.7	4022.3	4595.2	4249.2	4481.8	4926.1
5932.6	8800	8800	8800	8800	8800	8800	8800	8800	8800	8800	8800	8800	8800	8800	8800	8800	8800	8800	8146.5	4188.3	5253.1	5947.1	5257.6	6722.2	8800	8800	8800	8800	8800	7536.1	5461.2	2962	1923.9	1566.7	3927.8	8800	8800	8800	8800	8800	8800	8800	8800	8800	8800	8800	8800	8800	8800	8800	8800	8800	8800	8800	8800	8800	8800	8800	8800	8800	8800	8800	8800	8800	8800	8800	8800	8800	8800	8800	5340.8	1582	1693.1	2241.1	8800	8800	8800	8800	8800	1505.6	2660.4	2275.7	3723.8	8800	8800	8800	8800	8800	1346.7	5763.6	5612.1	7230.5	7628.2	8800	5362.1	6650.1	6081.4	6675.2	3999.5
8800	8800	8800	8800	8800	7342.8	4508.2	3841.3	4495	4919.4	5550.5	6560.8	7657.2	8800	8800	8800	8800	8800	8800	8800	8800	8800	8800	8800	8800	8800	8800	8800	7230.2	1992.8	2231.2	2364.7	2808.1	8800	8800	8800	8800	8800	6246.6	2026.8	1936.5	1912.7	2184.8	8062	8800	8800	8800	8800	8800	8800	8800	8800	8800	8800	8800	6605.4	4291.6	1756.1	1084.6	1905.3	8800	8800	8800	8800	8800	8800	8800	8800	8800	8800	4342.6	2233.6	1929.9	1728.7	6005.5	8800	8800	8800	8800	8800	8800	8800	8800	8800	8800	8800	8800	8800	8800	8800	8800	8800	8800	8800	8800	8800	5715.7	5590.6	4262.9	5660.8
8800	8800	8800	8800	8800	8800	8800	8800	8800	8800	8800	8800	8800	7684.8	6085.1	2381.9	5491.1	5001.8	6377.8	6440.3	6444.6	4373	7589.5	7273.9	8800	8800	8800	8800	8800	8800	3453.2	2449	1521.1	8800	8800	8800	8800	8800	8800	8800	8800	8800	8800	8800	8800	8800	8800	8800	8800	8800	8800	5580.4	5072.2	5565.7	5455.7	6420.2	8174.6	8800	8800	8800	8800	8800	8800	8800	8800	8800	8800	8800	8800	8800	8800	8800	8800	8800	8800	8800	8800	8800	8800	8800	7527.5	7535.2	954.21	3739.3	4925.8	4719.4	4835.3	4994.5	5315.8	4683.5	4586.2	4657	4562	8800	8800	8800	8800	8800	8800	8275.7
8800	8800	8800	8800	8800	8800	8800	8800	1515.6	1815.9	2991.1	8120.4	8800	8800	8800	8800	8800	8800	8800	8800	8800	8800	8800	8800	8800	8800	6614.9	5108.1	4066.5	3892	3840	2626	6870.1	7795.6	8800	8800	8800	8800	8800	8800	8800	8800	8800	8800	8800	8800	8800	8800	7721.3	2098.9	6620.3	8471.6	8800	8800	8800	8800	8800	8800	8800	8800	8800	8800	8800	8800	8800	5947.1	6989.4	4986.9	6605.8	4756.9	5825.3	5159.7	6128.5	5841.2	6390.8	8800	8800	8800	8800	8800	8800	8800	8800	8800	8800	8800	8800	8800	8800	8800	8157.8	4418.5	5273.5	7286	8038	8800	5851.4	5196.1	4147.7	6255.2
1216.1	6770.3	8800	8800	8800	8800	8800	8800	8800	8800	8800	8800	8800	8800	8800	8800	8800	8800	6647.3	8800	8800	8800	8800	8800	8800	8800	8800	8800	8800	8800	8800	6184.4	4729.6	5823.6	8241.4	8800	8800	8800	8800	8800	8800	8800	8800	8800	8800	8800	8800	8800	8800	8800	8800	8800	8800	8800	6306.1	6103.3	6011.3	6163.9	6450.2	5748.7	7218.8	6683.5	8800	8800	8313.7	6607.6	7657.5	4159.2	4643.6	6509.8	7352.7	6852.1	6590.6	7540.2	6948.1	7106.2	6063.1	7331.1	7390.3	8800	8800	8800	8800	8800	8800	5848.9	6742.7	3908.4	3898.9	4145.2	4040.7	4361.4	3529.9	3628.3	5356.6	6599.4	5669	6374.6	7218.9	6085.4
