531.87	638.96	722.34	2245.6	2438.8	2326.6	3155.5	3794.6	8800	8800	8800	8800	8800	8800	8800	8800	8800	8800	8800	8800	8800	8800	8800	8800	8800	8800	8800	8800	8800	8800	8800	8800	8800	8800	8800	8800	8800	8800	8800	8800	8800	8800	8800	8800	8800	8800	8800	8800	8800	8800	8800	8800	8800	8800	8800	8800	8800	8800	8800	8800	8800	8800	8800	8800	8800	8800	8800	8800	8800	8800	6938	3638.9	2030.3	4013	3304.6	2444.2	7928.4	8800	8800	8800	8800	8800	8800	8800	8800	8800	8800	8800	8800	8800	8800	8800	8800	6841.7	7504.5	6561.9	6100.3	5309.9	3643.4	2856.2
8800	8800	8800	8800	8800	8800	8800	8800	8800	8800	8800	8800	8800	8800	8800	8800	8800	8800	8800	8800	8800	8800	8800	8800	8800	8800	8800	8800	8800	8800	8800	8800	8800	8800	8800	8800	8800	8800	8800	8800	8800	8800	8800	8800	8800	8800	8800	8800	8800	8800	8800	8800	8800	7391	8179.5	2661.2	2773.1	1653.4	1851	2648.9	4526.7	6465.2	8800	8800	8800	8800	8800	8800	8800	7458	6140.6	2758.3	1579.1	5695.4	8800	8800	8800	8800	8800	8800	8800	8800	8800	8800	8800	8800	8800	8800	8800	8800	8800	8800	8800	8800	8800	8800	7146.3	6210.2	5945.7	6537.6
8800	7652.8	8800	8800	8800	8800	8800	8800	8800	8800	8800	8800	8800	8800	8800	8800	8800	8800	8800	8800	8800	8800	8800	8800	8800	8800	8800	8800	8800	8800	8800	8800	8800	8800	8800	8800	8800	8800	8800	8800	8800	8800	8800	8800	8800	8800	8800	8800	5645.8	5660.8	707.51	3231.7	4264.7	5925.9	7924.6	8800	8800	8800	8800	8800	8800	8800	8800	8800	8800	8800	8800	8800	8800	8800	8800	8800	8800	8800	8800	8800	8800	8800	8800	8800	8800	8800	8800	8800	5385.1	5201.4	1403.7	3081.3	4593.7	6155.1	8493.6	8800	8800	8800	8800	8800	8800	8800	8800	8800
1427.4	8800	8800	8800	8800	8800	8800	8800	8800	8800	8800	8800	8800	8800	8800	8800	8800	8800	8800	8800	8800	8800	8800	8800	8800	8800	8800	8800	8800	8800	8800	8800	8800	8800	8800	8800	8800	8800	8800	8800	8800	8800	8800	8800	8800	8800	8800	8800	8800	8800	8800	8800	7022.9	5552.3	4845.9	6819.4	8800	8800	8800	8800	8800	7326.3	6875.7	4414.9	3919.2	4817.7	4667.5	4189.9	5064.6	8800	8800	8800	8800	8800	8800	8800	8800	8800	8800	8800	8800	8800	8800	8800	8800	8800	8800	8800	8800	8800	8800	8800	8800	8800	8800	8800	8800	8800	8800	8800
7546	6068.8	8800	8800	8800	8800	8800	8800	8800	8800	8800	8800	8800	8800	8800	8800	8800	8800	8800	8800	8800	8800	8800	8800	8800	8800	8800	8800	8800	8800	8800	8800	8800	8800	8800	8800	8800	8800	8800	8800	8800	8800	8800	8800	8800	7257.2	5294	3402.9	3016.2	3931	3645.3	7462.2	8800	8800	8800	8800	8800	8800	6288.6	1308.5	1667.3	1783.7	6813.6	8800	8800	8800	8800	8800	8800	8800	8800	8800	8800	8800	8800	8800	8800	8800	8800	8800	8800	8800	8800	8800	8800	8800	8800	8800	8800	8800	8800	8800	8800	8800	8800	8800	5549.1	5968.2	5979.4	7202.9
8800	6304.9	8800	8800	8800	8800	8800	8800	8800	8800	8800	8800	8800	8800	8800	8800	8800	8800	8800	8800	8800	8800	8800	8800	8800	8800	8800	8800	8800	8800	8800	8800	8800	8800	8800	8800	8800	8800	8800	8800	8800	8800	8800	8800	8800	8800	8800	8800	8800	8800	1768.3	1492.9	2051	8800	8800	8800	8800	8800	8800	8800	8800	8800	8800	8800	8800	8800	8800	8800	8800	8800	8800	8800	8800	8800	8800	6736	3424.3	2831.3	2618	1523.9	4699.8	8800	8800	8800	8800	8800	8800	8800	8800	8800	8800	8800	8800	8800	7026.5	7252.9	6223.6	4792.1	4809.3	5415.3
8800	8800	8800	8800	8800	8800	8800	8800	8800	8800	8800	8800	8800	8800	8800	8800	8800	8800	8800	8800	8800	8800	8800	8800	8800	8800	8800	8800	8800	4844.4	3865.8	3453.6	3176.8	3321.2	4727.9	5166.5	8800	8800	8800	8800	8800	8800	8800	8800	8800	8800	8800	8800	8800	8800	8800	8800	8800	8800	8800	8800	8800	8800	8800	8800	8800	8800	8800	8800	8800	8800	8800	8800	8800	8800	8800	8800	8800	8800	8800	8800	8800	8800	8800	8800	4708.6	931.19	2146.2	6692	8800	8800	8800	8800	6563	2944.7	3094.1	2966.8	2959.1	4235	4551.8	5340.8	5926.2	6297.7	5298.6	5384.7
8800	8800	8800	8800	8800	8800	8800	8800	8800	8800	8800	8800	8800	8800	8800	8800	8800	8800	8800	8800	8800	8800	8800	8800	8800	8800	8800	8800	8800	8800	8800	8800	8800	8800	8800	8800	8800	8800	8800	8800	8800	8800	8800	8800	8800	8800	8800	8800	8800	8800	8800	8800	8800	8800	2062.9	2912.2	4119	5953.9	6796.1	8225.7	6876	5724.6	4454.2	7295.6	6090.5	6215.2	6375.1	4960.3	8800	8800	8800	8800	8800	8800	8800	8800	8800	8800	8800	8800	8800	8800	8800	8800	8800	8800	8800	8800	8800	8800	8800	8800	8800	8800	8800	8800	8800	8800	8800	8800
8800	8800	8800	8800	8800	8800	8800	8800	8800	8800	8800	8800	8800	8800	8800	1452.1	1489.2	4108.1	7908.5	8800	8800	8800	8800	8800	8800	8800	8800	8800	8800	8800	8800	8800	8800	8800	8800	8800	8800	8800	8800	8800	8800	8800	8800	8800	8800	8800	8800	8800	8800	8800	8800	8800	8800	8800	8800	8800	8800	8800	8800	8800	8800	8800	8800	8800	8800	8800	8800	8800	8800	8800	8800	8800	8800	8800	8800	8800	8800	8800	8800	8800	8800	8800	8800	8800	8800	8800	6609.6	5468.8	1614.4	1587.9	2894.7	4349.8	3688.9	8800	8800	8800	8800	8800	8800	8800
8800	8140.7	8800	8800	8800	8800	8800	8800	8800	8800	8800	8800	8800	8800	8800	8800	8800	8800	8800	8800	8800	8800	8800	8800	8800	8800	8800	8800	8800	8800	8800	8800	8800	8800	8800	8800	8800	8800	8800	8800	8800	8800	5725.5	4870.4	5214.3	8049.6	8800	8800	8800	8800	8800	8800	8800	8800	8800	8800	8800	8800	8800	8800	8800	8800	8800	8800	8800	8791	8800	8800	8800	8800	8800	8800	8800	8800	8800	8800	8800	8800	8800	8800	8800	8800	8800	8800	8800	8800	8800	8800	8031.6	6327.2	4774.3	4736.6	4306.4	5796.6	5308.3	6427.6	5870.9	6755.1	4977.7	6517.7
2973.9	8800	8800	8800	8800	8800	8800	8800	8800	8800	8800	8800	8800	8800	8800	8800	8800	8800	8800	8800	8800	8800	8800	8800	8800	8800	8800	8800	8800	8800	8800	8800	8800	8800	8800	8800	8800	8800	8800	8800	8800	8800	8800	8800	8800	8800	8800	8800	8800	8800	8800	8800	8800	8800	8800	6177.5	3012.7	2774.9	2373.6	1813.8	8800	8800	8800	8800	8800	8800	5499.8	2482.2	2452.2	2542.7	3957	8800	8800	8800	8800	8800	8800	8800	8800	8800	8800	8800	8800	8800	8800	8800	8800	8800	8800	8800	8800	8800	8800	8800	8800	8800	8800	8800	8800	8800
8503.6	4230	2783.2	3031.5	2606.2	885.17	1161.1	1648.1	5806.1	8800	8800	8800	8800	8800	8800	8800	8800	8800	8800	8800	8800	8800	8800	8800	8800	8800	8800	8800	8800	8800	8800	8800	8800	8800	7867.5	8616	8800	8800	8800	8800	8800	8800	8800	8800	8800	8800	8800	8800	8800	8800	8800	8800	8800	8800	8800	8800	8800	8800	8800	8800	8800	8800	8800	8800	8800	8800	8800	8800	8800	8800	8800	8800	8800	8800	8800	8800	8800	8800	8800	8800	8800	8800	8800	8800	8800	8800	8800	8800	8800	8800	8800	8800	8800	8800	8800	8800	8800	8800	8800	8800
8800	8800	8800	8800	8800	8800	8800	5035	3875	4671.9	4601.9	3650.3	5056.1	4782.8	7077.2	7629.3	8800	8800	8800	8800	8800	8800	8800	8800	8800	8800	8800	8800	8800	8800	8800	8800	8800	8800	8800	8800	8800	8800	8800	8800	8800	8800	8800	8800	8800	8800	8800	8800	8800	8800	8800	8800	8800	8800	8800	8800	8800	8800	8800	8800	8800	8219.5	7731.8	3990.3	8800	8800	8800	8800	8800	8800	8800	8506.7	8163.7	5023.5	5200	5629.3	5524.5	6652.7	7309.9	7500.1	7294.9	7440.5	7870.8	6013.7	6277.8	6148.7	4890.7	3688.9	6107.2	5327.9	4782.5	6625.6	6804.6	5454.6	5634.8	6534.3	4379.1	5181.7	5009	5985.2
8800	8800	8800	8800	8800	8800	8800	8800	8800	8800	8800	8627.4	7841	4319	4451.5	4325.7	3146.2	2523	8286.1	8800	8800	8800	8800	8800	8800	8800	8800	8800	8800	8800	8800	8800	8800	8800	8800	8800	8800	8800	8800	8800	8800	8800	8800	8800	8800	8800	8800	8800	8800	8800	1359	1710.1	1503.3	2211.6	8800	8800	8800	8800	8800	8800	8800	8800	8800	8800	8800	8800	8800	8800	8800	8800	8800	8800	8800	8800	8800	8800	8800	8800	8800	8800	8800	8800	8800	8800	8800	8800	8800	8800	8800	8800	8800	5959	5926.2	6138.6	4549.3	4817.2	6544.8	5946.6	4771.8	5857.4
6332.3	8800	8800	8800	8800	8800	8800	8800	8800	8800	8800	8800	8800	8800	8800	8800	8800	8800	8800	8800	8800	8800	4768.5	1863.6	1217.4	887.63	3036.5	5539.9	8800	8800	8800	8800	8800	8800	8800	8800	8800	8800	8800	8800	8800	8800	8800	8800	8800	8800	8800	8800	8800	8800	8800	8800	8800	8800	8800	8800	8800	8800	8800	8800	8800	8800	8800	8800	8800	8800	8800	8800	8800	8800	8800	8800	7067.9	4004.6	3045.8	4528.7	4105.6	6741.5	8800	8800	8800	8800	8800	8800	8800	8800	8800	8800	8800	8800	8800	8800	8800	8800	8800	5189.2	4887	3401	4207.3	4296
287.44	1422.8	1002.2	1092.8	903.13	3683.2	3167.4	8800	8800	8800	8800	8800	8800	8800	8800	8800	8800	8800	8800	8800	8800	8800	8800	8800	8800	8800	8800	8800	8800	8800	7629.7	5010.8	2781.5	2617.6	2793.8	2996.5	2957.1	7457.4	8160.1	8800	8800	8800	8800	8800	8800	8800	8800	8800	8800	8800	8800	8800	8800	8800	8800	8800	8800	8800	8800	8800	8800	8800	8800	8800	8800	8800	8800	8800	8800	8800	8800	8800	8800	8800	8800	8800	8800	8800	8800	8800	8800	8800	8800	8800	8800	8800	8800	8800	8800	7017.8	6409.9	5504.4	4313.5	3276.4	2743.2	1782.6	2847.1	2941.1	2928.6	3115.5
8800	8800	8800	8800	8800	8800	8800	8800	8800	2655.4	1277.3	865.72	902.74	1416.6	8675.4	8800	8800	8800	8800	8800	8800	8800	8800	8800	8800	8800	8800	8800	8800	8800	8800	8800	8800	8800	8800	8800	8800	8800	8800	8800	8800	8800	8800	8800	8800	8800	8800	8800	8800	8800	8800	8800	8800	8800	8800	8800	8800	8800	8800	8800	8800	8800	8800	8800	8800	8800	8800	8800	8800	8800	8800	8800	8800	8800	8800	8800	8800	8800	8800	8800	8800	8800	8800	8800	8800	8151.2	4243.6	3677.2	3855.8	3688.3	4726.9	4957.6	5187.6	5828.4	5213.9	3586	4114.4	5479.2	4757.1	4609.6
4216.2	8800	8800	8800	8800	8800	8800	8800	8615.8	6346.2	1886.3	2663.5	2266.7	3413.6	5791.8	8800	8800	8800	8800	8800	8800	8800	8800	8800	8800	8800	8800	8800	8800	8800	8800	8800	8800	8800	8800	6780.6	1750	1375.8	3103.1	3852.3	8800	8800	8800	8800	8800	8800	8800	8800	8800	8800	8800	8800	8800	8800	8800	8800	8800	8800	8800	8800	8800	8800	8800	8800	8800	8800	8800	8800	8800	8800	8800	8800	8800	8800	8800	8800	8800	8800	8800	8800	8800	8800	8800	8800	8800	8800	8800	8800	8800	7967.3	7244.7	5100.1	4201.4	3530.1	3449.3	1795.4	2654.1	4204.9	4051.9	4083.4
8800	8800	8800	8800	8800	8800	8800	8800	8800	8800	8800	8800	8800	8800	8800	8800	8800	8800	8800	8800	8800	8800	8800	8800	8800	8800	8800	8800	8800	8800	8800	8800	8800	8800	8800	8800	8800	8800	8800	8800	8800	8800	8800	8800	8800	8800	8800	8670.6	6386.1	4471	2601.2	3387.6	3022.6	4164.4	6905	7269.8	7055.7	5916.4	4781.3	2359.8	5674.2	6027.8	8800	8800	8800	8800	8800	8800	8800	8800	8800	8800	8800	8800	8800	8800	8800	8800	8800	8800	8800	8800	8800	8800	8800	8800	8800	8800	8800	8800	8800	8800	8800	8800	8800	5811	8188.2	8126.8	4143.8	6286.8
8800	8800	8800	8800	8800	8800	8800	8800	8800	8800	8800	8800	8800	8800	8800	8800	8800	8800	8800	8800	8800	8800	8800	8800	8800	8800	8800	8800	8800	8800	8800	8800	8800	8800	8800	8800	8800	8800	8800	8800	8800	8800	8800	8800	8800	8800	8800	8800	8800	8800	8800	8800	6813.6	4741.8	3313.2	4186.2	2768.3	3103.4	7527.3	8800	8800	8800	8800	8800	8800	8800	8800	8800	8800	8800	8800	8800	8800	8800	5978	3049	1149.3	1107.9	4681	8800	8800	8800	8800	8800	8800	8800	8800	8800	8800	8800	8800	8800	8800	8800	8800	8800	6684.9	6116.6	3774.2	4260.7
2820	2749.1	8800	8800	8800	8800	8800	8800	8237.8	797.52	5688	6112.6	8800	8800	8800	8800	8800	8800	8800	8800	8800	8800	8800	8800	8800	8800	8800	8800	8800	8800	8800	8800	8800	8800	8800	8800	8800	8800	8800	8800	8800	8800	8800	8800	8800	8800	8800	8800	8800	8800	8800	8800	8800	8800	8800	8800	8800	8800	8800	8800	8800	8800	8800	8800	8800	8800	8800	8800	8800	8800	8800	8800	8800	8800	8800	8800	8800	8800	8800	8800	8800	8800	8800	8800	8800	8800	8800	5116.7	4249.8	4679.2	3614	3316.1	3658.8	3895.8	7664.6	8800	8800	8800	8800	8800
1493	1567.4	1049.1	898.73	1338.4	8800	8800	8800	8800	8800	8800	8800	8800	8800	8800	8800	8800	8800	8800	8800	8800	8800	8800	8800	8800	8800	8800	8800	8800	8800	8800	8800	8800	8800	8800	8800	8800	8800	8800	8800	8800	8800	8800	5458.7	5806.6	1996.4	4000.5	5250.3	5977.3	6321.9	8490.5	7003.8	7309.9	8800	8800	8800	8800	8800	8800	8800	8800	8800	8800	8800	8800	8800	8800	8800	8800	8800	8800	8800	8800	8800	8800	8800	8800	8800	8800	8800	8800	8800	8800	8800	8800	8800	8800	8800	8800	8800	8800	8800	3485.6	4743.1	3747.3	3499.4	3256.7	4410	3199.2	4494.9
8800	8800	8800	8800	8800	8800	8800	8800	8800	8800	8800	8800	8800	8800	8800	2124	939.24	2000.5	6541	7352.7	8800	8800	8800	8800	8800	8800	8800	8800	8800	8800	8800	8800	8800	8800	8800	8800	8800	8800	5568.7	3593.9	3389.3	4308.4	4031.4	4748.3	3833.4	8800	8800	8800	8800	8800	8800	8800	8800	8800	8800	8800	8800	8800	8800	8800	8800	8800	8800	8800	8800	8800	8800	8800	8800	8800	8800	8800	8800	8800	8800	8800	8800	8800	8800	8800	8800	8800	8800	8800	8800	8800	8800	8800	8800	8800	8800	8800	8800	8800	8800	8800	8800	8800	8800	8800
4474.4	8800	8800	8800	8800	8800	8800	8800	8800	8800	8800	8800	1022.1	5488.8	8800	8800	8800	8800	8800	8800	8800	8800	8800	8800	8800	8800	8800	8800	8800	8800	8800	8800	8800	8800	8800	8800	8800	8800	8800	8800	8800	8800	8800	8800	8800	8800	8800	8800	8800	8800	8800	8800	8800	8800	8800	8800	8800	8800	8800	8800	8800	8800	8800	8800	8800	8684.1	8159.3	5570.8	4719.1	4203.8	4762.6	5867.7	5232.7	5419.5	5212.8	5845.6	5437	5605.1	5548.3	5450.5	4539.3	2776.7	3075.8	2961	4656.4	4586.1	5567.5	6191.6	7500.8	7489.8	7340.2	6401.4	5698.2	4854.2	3889.8	4339.4	5021.4	5723.1	5465.1	5497.4
8800	8800	8800	8800	8800	8800	8800	8800	8800	8800	8800	8800	8800	8800	8800	3937.7	1160.5	2319.8	4746.4	6324.4	8226.8	8800	8800	8800	8800	8800	8800	8237.5	4579.7	5061.1	5040.2	5621.6	8474.6	8800	8800	8800	8800	8800	8800	8800	8800	8800	8800	8800	8800	8800	8800	8800	8800	8800	8800	8800	8800	8800	8800	8800	8800	8800	8800	8800	8800	8800	8800	8800	8800	8800	8800	8800	8800	8800	8800	8800	8800	8800	8800	8800	8800	8800	8800	8800	8800	8800	8800	8800	8800	8800	8800	8800	8800	8800	8800	8800	8800	8800	8800	8800	8800	8800	8800	8522.4
8800	8800	8800	8800	8800	8800	8800	8800	8800	8800	8800	8800	8800	8800	8800	8800	8800	8800	8800	8800	8800	8800	8800	8800	8800	8800	8800	8800	8800	8800	8800	8800	8800	8800	8800	8800	8800	8800	8800	8800	8800	8800	8800	8800	8800	8800	8800	8800	8800	8800	8800	8800	8800	8800	8800	8800	8800	8800	8800	8800	8800	8800	8800	7385.2	1304.8	5392.8	7778.4	8800	8800	8800	8800	8800	8800	8800	8800	8800	8800	8800	8800	8800	8800	8800	8800	8800	8800	8800	8800	8800	8800	7134.9	5976.1	2159.3	2797.4	3385	4444.2	4255.1	5571.8	6458.8	8800	8800
8800	8800	8800	8800	8800	8800	8800	8800	8800	8800	8800	8800	8800	8800	8800	8800	8800	8800	8800	8800	8800	8800	8800	8800	8800	8800	8800	8800	8800	8800	8800	8800	8800	8800	8800	8800	8800	8800	8800	6652.7	826.31	1126.7	5680.1	5640.9	8800	8800	8800	7460.1	7960.2	3809.6	4207.4	3560.6	4852.2	6025	5410.3	7402.7	8800	8800	8800	8800	8800	8800	8800	8800	8800	8800	8800	8800	8800	8800	8800	8800	8800	8800	8800	8800	8800	8800	8800	8800	8800	8800	8800	8800	8800	8800	8800	8800	8800	8800	8800	8800	8800	8800	8210.2	7855.7	4308	3402.3	5262.4	6041.6
8800	8800	8800	8800	8800	8800	8800	8800	8800	8800	8800	8800	8800	8800	8800	8800	8800	8800	8800	8800	8800	8800	8108	8800	8800	8800	8800	8800	8800	8800	8800	8800	8800	8800	8800	8800	8800	8800	8800	8800	8800	8800	8800	8800	8800	8800	8800	8800	7767.3	8800	5496.2	6219.4	5285.4	7005.1	4138.3	6215.4	6370.4	6138.1	7078.4	8395.5	8800	8800	8800	8800	8800	8800	8800	8800	8800	8800	8800	8800	8800	8800	8800	8800	8800	8800	8800	8800	8800	8800	8800	8800	8800	8800	8800	8800	8800	8800	8800	8800	8800	8800	8800	8800	8800	8800	8800	8800
8800	8800	8800	8800	8800	8800	8800	8800	8800	8800	8800	8800	8800	8800	8800	8800	8800	8800	8800	8800	8800	8800	8800	8800	8800	8800	8800	8800	8800	8800	8800	8800	8800	8800	8800	8800	8800	8800	8800	8800	8800	8800	8800	8800	8800	8800	8800	8800	8800	8800	8800	8800	8800	8800	8800	8800	8800	8800	8800	8800	8800	8800	8800	8800	8800	8800	8800	8800	8800	8800	8800	8800	8800	7848.4	6923.1	2981.8	4412.9	3131.4	2305.6	4868.8	4624.1	3248	4718.5	4859.7	2615.1	6369.5	6959.2	7936.3	7799.5	7338	6418.5	6216.6	6240.9	6192.3	7274.9	4714	4956.6	2560.2	2747.5	2438
8800	8800	8800	8800	8800	8800	6823.9	8800	7385.3	8800	8800	8800	8800	8800	8800	8800	8800	8800	8800	8800	8800	8800	8800	8800	8800	8800	8800	8800	8800	8800	8745.2	8437.5	8491.1	8800	8328.5	8800	8800	8800	8800	8800	8800	8800	8800	8800	8800	8800	8800	8800	8800	8800	8800	8800	8800	7776.6	8800	8800	8800	8800	8800	8800	8800	8800	8800	8800	8800	8800	8800	8800	8800	8800	8800	8800	8800	8800	8800	8800	8800	8800	8800	8800	8800	8800	8800	8800	8800	8800	8800	8800	8800	8800	8800	8800	8800	8800	8717.3	5428.9	5555.3	6114.3	4972.7	3664.5
8532.8	8800	8800	8800	8800	8800	8800	8800	8800	8800	8800	8800	8800	8800	8800	8800	8800	8800	8800	8800	8800	8800	8800	8800	8800	8800	8800	8800	8800	8800	8800	8800	8800	8800	8800	8800	8800	8800	8800	8800	8800	8800	8800	8800	8800	8800	8800	8800	8800	8800	8800	8800	8800	8800	8800	8800	8800	8800	8800	8800	8800	8800	8800	8800	8800	8800	8800	8800	8800	8800	8800	8800	8800	8800	8800	8800	7254.5	5122.3	5624.5	6242	7235.5	4569.7	5342.3	4410.1	4448.2	3425.8	4175.4	5003.4	5975.4	6870.8	8800	8800	8800	8800	8800	8800	8800	8800	6354	4056.1
8303.3	6097.3	8800	8800	8800	8800	8800	6187.9	6488.5	5238.8	4135.6	3649.5	2879.7	4508	5275.1	8800	8800	8800	8800	8800	8800	8800	8800	8800	8800	8800	8800	8800	8800	8800	8800	8800	8800	8800	8800	8800	8800	8800	8800	8800	8800	8800	8800	8800	8800	8800	8800	8800	8800	8800	8800	8800	8800	8800	8800	8800	8800	8800	8800	8800	8800	8800	8800	8800	8800	8800	8800	8800	8800	6595.7	7445.5	6311.5	6570.7	6717.2	6543.9	6651.7	6161	5794.1	5571.7	6240.6	5148.1	7706	7313	7944.3	8800	8800	8800	8800	8800	8800	8800	8800	8800	8800	8800	8800	8800	8800	8800	8800
8800	8800	8800	8800	8800	5471.1	5451.1	5409	4409.1	3675.8	3122.6	2665.5	3976.4	5049.1	6490.6	8800	8800	8800	8800	8800	8800	8800	8800	8800	8800	8800	8800	8800	8800	8800	8800	8800	8800	8800	8800	8800	8800	8800	8800	8800	8800	8800	8800	8800	8800	8800	6964.8	8800	8800	8800	8800	8800	8800	8800	8800	8800	8800	8800	8800	8800	8800	8800	8800	8800	8800	8800	8800	8800	8800	8800	8800	8800	8800	8800	8800	8800	8800	8800	8800	8800	8800	8800	8800	8800	8800	8800	8800	8800	8800	8800	8800	8800	8800	8800	8800	8800	8800	8800	8800	8800
8800	8800	8800	8800	8800	8800	8800	8800	8800	8800	8800	8800	8800	8800	8800	8800	8800	8800	8800	8800	8800	7953.5	7396.7	6141.1	6506.2	4808.8	5503.7	4897.4	5434.6	4568.7	4175.8	4842.1	6751.1	8800	8800	8800	8800	8800	8800	8800	8800	8800	8800	8800	8800	8800	8800	8800	8800	8800	8800	8800	8800	8800	8800	8800	8800	8800	8800	8800	7020.7	6702.5	5825.2	4959.6	4577.5	5763.8	5691.7	6109.7	5826.1	5674.8	5975.9	7607.5	8800	8800	8800	8800	8800	8800	8800	8800	8800	8800	8800	8800	8800	8800	8800	8800	8800	8800	8800	8800	8800	8800	8800	8800	8800	8800	8800	8800
8800	8800	8800	8800	8800	8800	8800	8800	8800	8800	8800	8800	8800	8800	8800	8800	8800	8800	8800	8800	8800	8800	8800	8800	8800	8800	8800	8800	8800	8800	8800	8800	8800	8800	8800	8800	8800	8800	8800	8800	8800	8800	8800	8800	8800	8800	8800	8800	8800	8800	8800	8800	8800	8800	8800	8800	8800	8800	8800	8800	8800	8800	8800	8800	8800	7311.9	6483	5932.7	4998.7	4366.3	4958.8	5302.3	6341.6	8800	8800	8800	8800	8800	8800	8800	8800	8800	8800	8800	8800	8800	8800	8800	7038.4	4561.3	5970.4	4082.9	4880.5	4693.1	5017.4	4791.3	5646.7	5410.9	5760.1	7916.9
8800	8800	8800	8800	8800	8800	8800	8800	8800	8800	8800	8800	8800	8800	8285.4	8800	8800	8800	8800	8800	8800	8800	8800	8800	8800	8800	8800	8800	8800	8800	8800	8800	8800	8800	8800	8800	8800	8800	8800	8800	8800	8800	8800	6544.5	5922.4	6276.7	4017.9	5595.1	5549.4	4115.8	5461.3	5974.8	5283.9	4430.8	6291.2	5199.2	6308.8	6262.4	8800	7772.9	8800	8800	8800	8800	8800	8800	8800	8800	8800	8800	8800	8800	8800	8800	8800	8800	8800	8800	8800	8800	8800	8800	8800	8800	8800	8800	8800	8800	8800	8800	8800	8800	8800	5364.9	4778.7	4775.8	4470.5	6161.7	4998.4	5335.3
8800	8800	8800	8800	8800	6888	4943.1	5103	6743.1	5794.8	6504	7104.5	6572.3	6515.7	7108	4705.5	7380.5	8800	8800	8800	8800	8800	8800	8800	8800	8800	8800	8800	8800	8800	8800	8800	8800	8800	8800	8800	8800	8800	8800	8800	8800	8800	8800	8800	8800	8800	8800	8800	8800	8800	8800	8800	8800	8800	8800	8800	8800	8800	8800	8800	8800	8800	8800	8800	8800	8800	8800	8800	8800	8800	8800	8800	8800	8800	8800	8800	6000.6	7009.7	5453.8	5404.3	4655.4	4481.5	3928.6	5147.4	4677.1	7058.2	6107.5	8800	8800	8800	8800	8800	8800	8800	8800	8800	8800	8800	8800	8800
8800	8800	8800	8800	8800	8800	8800	8800	8800	8524.6	8004.5	6336.5	6000.7	4831	6094.6	7107	6571.7	5167.1	6371.6	5907.6	4800.6	6223.2	6644.6	5481.1	5224.5	8800	8800	8800	8800	8800	8800	8800	8800	8800	8800	8800	8800	8800	8800	8800	8800	8800	8800	8800	8800	8800	8800	8800	8800	8800	8800	8800	8800	8800	8800	8800	8800	8800	8800	8800	8800	8800	8800	8800	8800	8800	8800	8800	8800	8800	8800	8800	8800	8800	8800	8800	8800	8800	8800	8800	8800	8800	8800	8800	8800	8800	5125.1	5298.4	4470	3589.4	5311.4	5825.4	8024.4	7139.3	7737.2	4515	4783.3	3281.4	3834.5	3900.1
8800	8800	8800	8800	8800	8800	8800	8800	8800	8800	8800	8800	8800	8800	8800	8800	8800	8800	8800	8800	8800	8800	8800	8800	8800	8800	8800	8800	8800	8800	8800	8800	8800	8800	8800	8800	8800	8800	8800	8800	8800	8800	8021.8	8054.8	6027.4	6419.7	8153.1	8800	8800	8800	8800	8800	8800	8800	8800	8800	8800	8800	8800	8800	8800	8800	8800	8800	8800	8800	8800	8800	8800	8800	8800	8800	8800	8800	8800	5315.6	4510.9	4632.2	4538	5853.3	5937.5	5961.2	5011.4	4463.5	3984.9	4781.6	5244.7	5912.3	6865.5	7552.7	6859.2	7516.8	6890.5	7186.6	5459	5312.5	7721.2	6816.1	6030.6	6709.4
2658.9	8800	8800	8800	8800	8800	8800	8800	8800	8800	8800	8800	8800	8800	8800	8800	8800	8800	8800	8800	8800	8800	8800	8800	8800	8800	8800	8800	8800	8800	8800	8800	8800	8800	8800	8800	8800	8800	8800	8800	8800	8800	8800	8800	8800	8800	8800	8800	8800	8800	8800	8800	8800	8800	8800	8800	8800	7514.3	7193.9	6734.6	7837	6322.4	6052.1	5802.6	4622.6	5105	5450.4	5633.5	5391.4	8800	8800	8800	8800	8800	6115.9	5553.4	4853.5	5715.2	6592.3	7943.5	7214.2	6699.7	6287.4	5324.4	3288.3	8800	8800	8800	8800	8800	8800	8800	8800	8800	8800	8800	8800	8800	8800	6405.7
726.49	8800	8800	8800	8800	8800	8800	8800	8800	8800	8800	8800	8800	8800	8800	8800	8800	8800	8800	8800	8800	8800	8800	8800	8800	8800	8800	8800	8800	8800	8800	8785.3	8800	8800	8800	8800	8800	8800	8800	8800	8800	8800	8800	8800	8800	8800	8800	8800	8800	8800	8800	8800	8800	8800	8800	8800	8800	8800	8800	8800	8800	8800	8800	8800	8800	8800	8800	8800	8800	8181	6539.5	7299.1	5432.8	6517	5191	5594.2	5881.2	5844.8	4280.6	4585.7	5057.2	5095.8	4752.3	7904	7543.2	8800	8800	8800	8800	8800	8800	8800	8800	8800	8800	8800	8800	8800	8800	8800
8800	8508.6	8212.3	8800	8800	8800	8800	8800	8800	8800	8800	8800	8800	8800	8800	8800	8800	8800	8800	8800	8800	8800	8800	8800	8800	8800	8800	8800	8800	8800	8800	6180	6454.2	4648.1	6687.2	6942.4	7756.1	8027.9	7657.9	6679.7	7899.3	6900.5	7240.9	7619.6	7182.1	6991.6	7222.9	7054.3	8800	8800	8800	8800	8800	8800	8800	8800	8800	8800	8800	8800	8800	5376.1	4941.6	4359.2	3845.2	4278	5662	5631.2	8318.1	8800	8800	8800	8800	8800	8800	8800	8800	8800	8800	8800	8800	8800	8800	8800	8800	8800	8800	8800	8800	8800	8800	8800	8800	8800	8800	8800	8800	8800	8800	8800
8800	8800	8800	8800	8800	8800	8800	8800	8800	8800	8800	8800	8800	6603.9	8249.6	3963.2	4950.8	5263.1	5021.1	5921.3	6201.6	6686.1	6212.2	7358.4	4448	8800	8800	8800	8800	8800	8800	8800	8800	8800	8800	8800	8800	8800	8800	8800	8800	8800	8800	8800	8800	8800	8800	8800	8800	8800	8800	8800	8800	6523.8	6325.8	4061.2	4257.5	4396.8	5504.5	5220.5	6691.7	7662	8787.7	8417.5	8760.3	8800	8800	8800	8800	8800	8800	8800	8800	8800	8800	8800	8800	8800	8800	8800	8800	8800	8800	8136.6	5114.1	4587.1	6239.5	4991.3	5049.6	7602.3	6066.7	5220	5772.3	5647.8	3814.1	4458.6	5043	4989.8	4671.9	3703.4
485.73	5254.1	8800	8800	8800	8800	8800	8800	8800	8800	8800	8800	8800	8800	8800	8800	8800	8800	8800	8800	8800	8800	8800	8800	8800	8800	8800	8800	8800	8800	8800	8800	8800	8800	8800	8800	8800	8800	8800	8800	8800	8800	8800	8800	8800	7230.8	6817.4	4361.1	4877	5030	3771.9	5204.6	5533.6	4991.4	6027.7	6222.9	5291.8	6649.3	8800	8800	8800	8800	8800	8800	8800	8800	8800	8800	8800	8800	8800	8800	8800	8800	8800	8800	8800	8800	8800	8800	8046.1	7876.9	6416.7	7675.9	6541.2	5642.3	5162.2	5562	5789.4	4878.7	6164.9	6197.1	7406.8	6656	7999.8	8285.9	8240.6	7508.9	6692.9	6081.9
6503.5	8800	8800	8800	8800	8800	8800	8800	8800	8800	8800	8800	8800	8800	8800	8800	8800	8800	8800	8800	8800	8800	8800	8800	8800	8800	8800	8800	8800	8800	8800	8800	8800	8800	8800	8800	8800	5289.2	6989.7	6964.1	5084.9	4843.7	4022.7	3851.3	3766	5304.3	6299	8034	8800	8800	8800	8800	8800	8800	8800	8800	8800	8800	8800	8800	8800	8800	8800	8800	8800	8800	8800	8800	8800	8800	8800	8800	8800	8800	8800	8800	8800	8800	8800	8800	8800	8800	8800	8800	8800	8800	8800	8800	8800	8800	8800	8800	8392	8800	7267.5	6361.7	6899.4	6688.3	4687.9	4171.5
4861.4	6508.8	8415.3	8672.8	8800	8800	8800	8800	8800	8800	8800	8800	8800	8800	8800	8800	8800	8800	8800	8800	8800	8800	8800	8800	8800	8800	8800	8800	8800	8800	8400.1	8800	8800	8800	8800	8800	8800	8800	8800	8800	4415.5	3671	4043.4	4056.1	5377.5	5308.5	3603.4	4319.9	8800	8800	8800	8800	8800	8800	8800	8800	8800	8800	8800	8800	8800	8800	8800	8800	8800	8800	8800	8800	8800	8800	8800	8800	8800	8800	8800	8800	8800	8800	8800	8800	8800	8800	8800	8800	8800	8800	8800	8800	8800	8800	6217.1	6619.5	3974.6	4164.9	5070.9	5949.2	4098.1	3874.5	4395.5	2742.7
8800	7592.6	8800	8800	8800	8800	8800	8800	8800	6970.5	5625.2	7096.4	7012.5	7445.7	7136.3	5865.5	6218.8	6095.1	5913.1	6682.4	8800	7941.8	8800	8800	8800	8800	8800	8800	8800	8800	8800	8800	8800	8800	8800	8800	8800	8800	8800	8800	8800	8800	8800	6431.8	6103.3	4109.1	3429.3	3721.2	3521.5	4361.6	4779.9	5504.2	5456.7	6938.2	7751.1	8800	8800	8800	8800	8800	8800	8800	8800	8800	8800	8800	8800	8800	8800	8800	8800	8800	8800	8800	8800	8800	8800	8800	8800	8800	8800	8800	8800	8800	8800	8800	8800	8800	8800	8800	8800	8800	8800	8800	8800	8800	8800	8360.3	3427.8	3913.1
2532.7	8800	8800	8800	8800	8800	8800	8800	8800	8800	8800	8800	8800	8800	8800	8800	8800	8800	8800	8800	8800	8800	8800	8800	8800	8800	8800	8800	8800	8800	8230.2	7683.9	7353.5	7145.7	6858.4	7975.2	7346.6	8747.8	7794.9	8283.4	7919	7599.7	7973.9	7215.2	7091.2	6099.5	8119.2	6565.7	8692.5	7600.3	8800	8800	8800	8800	8800	8800	8800	8800	8800	8800	8800	8800	8800	8800	8800	8800	8800	8800	8800	8800	8800	8800	8800	8800	8800	8800	8800	8800	8800	8800	5260.3	5035.3	2780.1	8800	8800	8800	8800	8800	8800	8800	8800	8800	8800	8800	8800	8800	8800	8800	8800	8800
8800	8800	8800	8800	8800	8800	8800	8800	8800	8800	8800	8800	8800	8800	8800	8800	8800	8800	8800	8800	8800	8800	8800	8800	8800	8800	8800	8800	8800	8800	8800	8800	8800	8800	8800	8800	8800	8800	8800	8800	8800	8800	8800	8800	8800	8800	8800	8800	8800	8800	8800	8800	8800	8800	8800	8800	8800	8800	8800	8800	8800	8800	8800	8800	8691.3	8800	8800	8800	8800	8800	8800	8800	8800	7946.2	6662.1	3819.1	5809.9	5058.9	4236.8	6345.3	5624.5	3887.6	4598.8	6021.7	4356.1	4613.6	5194.9	5924.9	6206.8	5957.5	8509.1	8416.1	8171	6216.3	6914.9	6599.3	6335.5	5080.7	5969.5	4919.7
8800	8800	8800	8800	8800	8800	8800	8800	8800	8800	8800	8800	8800	8800	8800	8800	8800	8800	8800	8800	3524.5	2847.7	1569	3972	8800	8800	8800	8800	8800	8800	8800	8800	8800	8800	8800	8800	8800	8800	8800	8800	8800	8800	8800	8800	8800	8800	8800	8800	8800	8800	8800	8800	8800	8800	8800	8800	8800	8800	8800	8800	8800	8800	8800	8800	8800	8800	8800	8800	8800	8800	8800	8800	8800	8800	8800	8800	8800	8800	8800	8800	8800	8800	8800	8800	8800	8800	8800	8800	8800	8800	8800	8800	8800	8800	8800	8800	8800	8800	8800	8800
1510.7	4067.5	8800	8800	8800	8800	8800	8800	8800	8800	8800	8800	8800	8800	8800	8800	8800	8800	8800	8800	8800	8800	8800	8800	8800	8800	8800	8800	8008.8	8521.4	5828.4	6240.7	3949	4636	4896.6	5568.8	6570.7	6251.2	8286.4	7663.7	8800	8800	8800	8800	8800	8800	8800	8800	8800	8800	8800	8800	8800	8800	8800	8800	8800	8800	8800	8800	8800	8800	8800	8800	8800	8800	8800	8800	8800	8800	8800	8800	8800	8800	8800	6318.1	4286.2	5387.1	3977	3398	2791.4	4147.3	4386.8	5596.7	6974.4	8800	8800	8800	8800	8800	8800	8800	8800	8800	8800	8800	8800	8800	8800	8800
1888.9	8800	8800	8800	8800	8800	8800	8800	8800	8800	8800	8800	8800	8800	8800	8800	8800	7906.9	8800	8800	8800	8800	8800	8800	8800	8800	8800	8800	8800	8800	8800	8800	8800	8800	8800	8800	8800	8800	8800	8800	8800	8800	8800	8800	8800	8800	8800	7179.4	5326	4788	4004.1	2457	3545.7	2783.9	5052.2	5355.1	6484.3	6587.3	7010.9	5999.6	6730.5	6656.5	5261.4	5059.7	5314.2	5845.3	5118.6	8455	8611.6	8390	8800	8800	8800	8800	8800	8800	8800	8800	8800	8800	8800	8800	8800	8800	8800	8800	8800	8800	8800	8800	8800	8800	8800	8800	8800	8800	8800	8800	8800	8800
2404.7	8800	8800	8800	8800	8800	8800	8800	8800	8800	8800	8800	8800	8800	8800	8800	8800	8800	8800	8800	8800	8800	8800	8800	8036.5	8375.3	6960.5	7064.7	6591.1	8210.8	7314.8	6906.7	7100.9	6822.7	7360.2	6522.2	7039	6084.8	8446.4	6100.7	8800	8800	8800	8800	8800	8800	8800	8800	8800	8800	8800	8800	8800	5230.2	4119.5	1953.1	3129	3546.7	4658.2	6497.3	7401.2	8800	8800	8800	8800	8800	8800	8800	8800	8800	8800	8800	8800	8800	8800	8800	8800	8800	8800	8800	8800	8800	8800	8800	8800	8800	8800	8800	8800	8800	8800	8800	8800	8800	8800	8800	8800	8800	8800	8800
8800	8800	8800	8800	8800	8800	8800	8800	8800	8744.1	8800	8800	8800	8597	8800	8800	8800	8800	8800	8800	8800	8800	8800	8800	8800	8800	8800	8800	8800	8800	8800	8800	8800	8800	8800	8800	8800	8800	8800	8800	8800	8800	8800	8800	8800	8800	8800	8800	8800	8800	8800	8800	8800	8800	8800	8800	8800	8800	8800	8800	8800	8800	8800	8800	8800	8800	8800	8800	6827	5831.7	5909.1	6917.5	6200.4	6215.4	5908.6	5803.3	4846.3	5219.7	5175.9	4272.7	3622.7	3942.3	8800	8800	8800	8800	8800	8800	8800	8800	8800	8800	8800	8800	8800	8800	8800	8800	8800	8800
-348.02	5661.9	7425.9	7287.2	8800	8800	8800	8800	8800	8800	8800	8800	8800	8800	8800	8800	8800	8800	8800	8800	6449.1	7541.1	6267	6392.9	6177.7	6092.6	6014.3	6048.5	4981.6	6423.5	5306.9	5361.4	4859.1	8280.4	8800	8800	8800	8800	8800	8800	8800	8800	8800	8800	8800	8800	8800	8800	8800	8800	8800	8800	8800	8800	8800	8800	8800	8800	8800	8800	8800	8800	8800	8800	8800	8800	8800	8800	8800	8800	8800	8800	8800	8800	8800	8800	8800	8800	8800	8800	8800	8800	8800	8800	8800	8800	8800	8800	8800	7092.9	5986.6	3160.6	4194.2	3836.1	5390.3	5231.8	7020.4	6593.4	7369	8397
5774.9	3459.3	8800	8800	8800	8800	8800	8800	8800	8800	8800	8800	8800	8800	8800	8800	8800	8800	8800	8800	8800	6617.1	6449.4	2970.3	3786.6	3423.8	3579.5	4693.5	6617.6	6888.4	8711.9	8800	8800	8800	8800	8800	8800	8800	8800	8800	8800	8800	8800	8800	8800	8800	8800	8800	8800	8800	8800	8800	8800	8800	8800	8800	8800	8800	8800	8800	8800	8800	8800	8800	8800	8800	8800	7388.9	7634.4	7361.1	6459.3	6910.7	7439	6320.9	5833.3	5970.4	5124.6	3760.1	5907	5892.3	5251.1	7895.6	8270.8	8800	8800	8800	8800	8800	5342.8	6520.5	7146.7	5966.6	7844.8	7604.2	6909.6	5250.1	4534.4	3433.2	4666.3	4902.8
2663.8	5018.2	6653.5	7530.9	7120.6	8754.2	8800	8800	7959.1	8800	8726.5	8800	8800	8800	8800	8800	8800	8800	8800	8800	8800	8800	8800	8800	8800	8800	8800	8800	8800	8800	8800	8800	8800	8800	8800	8800	8800	8800	8800	8800	8800	8800	8800	8800	8800	8800	8800	8800	8800	8800	8800	8800	8800	8800	8800	8800	8800	8800	8800	8800	8800	8800	8800	8800	8800	8073.5	8800	8589.4	8800	8800	8605.1	8800	8800	8800	8555.6	8800	8574	8800	8800	8800	8800	8800	8800	8800	8800	8800	8800	8800	8800	8800	8800	8800	7565	6940.1	6068.7	5889.2	5816.5	6028	5260.2	5991.5
8800	8800	8800	8283.9	8402.5	4782.3	6050.7	5336.9	6136.7	4847.2	6279.8	4643.3	7699.3	6344.7	8800	8800	8800	8800	8800	8800	8800	8800	8800	8800	8800	8800	8800	8800	8800	8800	8800	8800	8800	8800	8800	8800	8800	8800	8800	8800	8800	8800	8800	8800	8800	8800	8800	8800	8800	8800	8800	8800	8800	8800	8800	8800	8800	8800	8800	8800	8800	7525.5	5058	7321.1	5120.4	6273.9	5528.4	6749.4	4587.6	5403.6	4061.9	5621.1	6194.2	6102.7	7804.2	8336.8	8800	8800	8800	8800	8800	8800	8800	8800	8800	8800	8800	8800	8800	8800	8800	8800	8800	8800	7572.2	6720.4	5592.5	4855.3	6257.9	5135.7
8800	8800	8800	8800	8800	8800	8800	8800	8800	8800	8800	8800	8800	8800	8800	8800	8800	8800	8800	8800	8800	8800	8800	8800	8800	8800	8800	8800	8800	8800	8800	8800	8800	8800	8800	8800	8800	8800	8800	8800	8800	8800	8800	8800	8800	8795.3	8800	8800	8800	8800	8800	8800	8800	8800	8800	8800	8800	8800	8800	8800	8800	8800	8800	8800	8800	8800	8800	8800	8800	8800	8800	8800	8800	8800	8800	8800	8800	8800	8800	8800	8800	8800	5438.9	4039	4273	3541.3	5161.5	4887.8	3754.3	4354.8	5281.9	4829.7	5834.6	7636.3	8800	8800	8800	8800	8800	8800
1472	8800	8800	8800	8800	8800	8800	8800	8800	8800	8800	8800	7229	5584.2	4759.9	4115.5	4707	5002.6	7571.2	6794.6	6303.7	5846.9	6909.4	8800	8800	8800	8800	8800	8800	8800	8800	8800	8800	8800	8800	8800	8800	8800	8800	8800	8800	8800	8800	8800	8800	8800	8800	8800	8800	8800	8800	8800	8800	8800	8800	8800	8800	8800	8800	8800	8800	8800	8800	8800	8800	8800	8800	8800	8800	8800	8800	8800	8800	8800	8800	8800	8800	8800	7318.7	6016.1	6870.9	6756.2	4955.5	5849.5	5580.9	4601.3	5572.3	8800	7434	8800	8800	8800	8800	8800	8800	8800	8800	8800	8800	5030.7
5053.8	8408.6	8800	8800	8800	8800	8800	8800	8800	8800	8800	8800	8800	8800	8800	8800	8800	8800	8800	8800	8800	8800	8800	8800	8800	8800	8800	8800	8800	8800	8800	8800	6581.2	5084.1	235.24	7766.5	8800	8800	8800	8800	8800	8800	8800	8800	8800	8800	8800	8800	8800	8800	8800	8800	8800	8800	8800	8800	8800	8800	8800	8800	8800	8800	8800	8800	8800	8800	8800	8800	8800	8800	8800	8800	8800	8800	8800	8800	8800	8800	8800	8800	8800	8800	8800	8800	8800	8800	8800	8800	8800	8800	8800	8800	8610	6779.6	685.77	5382.9	8037.2	8800	8800	8800
8800	8800	8800	8800	8800	8800	7929.9	5319	4926.8	8104	8800	8800	8800	8800	8800	8800	8800	8800	8800	8800	8800	8800	8800	8800	8800	8800	8800	8800	8800	1216	6347.7	7022.8	8800	8800	8800	8800	8800	8800	8800	8800	8800	8800	8800	8800	8800	8800	8800	8800	8800	8800	8800	8800	8800	8800	8800	8800	8800	8800	8800	8800	8800	8800	8800	8800	8800	8800	8800	8800	8800	8800	8800	8800	8800	8800	8800	8800	8800	8800	8800	8800	8800	8800	8800	8800	8800	8800	8800	8800	8800	8800	8800	8800	8800	8800	8800	5833.4	3941	3651.9	5065.7	5655.8
8800	8800	8800	8800	8800	8800	8800	8800	8800	8800	8800	8800	8800	8800	8800	8800	8800	8800	8800	8800	8800	8800	8800	1978.9	1412	629.84	362.19	582.56	578.43	8800	8800	8800	8800	8800	8800	8800	8800	666.86	450.41	446.82	659.25	1155	2298	8800	8800	8800	8800	8800	8800	8800	8800	8800	8800	8800	8800	8800	8800	8800	8800	8800	8800	8800	8800	8800	8800	8800	8800	8800	8800	8800	8800	8800	8800	8800	8800	8800	8800	8800	8800	8800	8800	8800	8800	8800	8800	8800	8800	8800	8800	8800	8800	8800	8800	8800	8800	8800	8800	8800	8800	5797.3
8800	8800	8800	8800	8800	8800	8800	8800	8800	8800	8800	8800	8800	8800	8800	8800	8800	8800	8800	8800	8800	8800	7111.6	5395	7402.6	8800	8800	8800	8800	8800	8800	8800	1539.9	5904.3	8800	8800	8800	8800	8800	8800	8800	8800	8800	8800	8800	8800	8800	8800	8800	8800	8800	8800	8800	8800	8800	8800	8800	8800	8800	8800	8800	8800	8800	8800	8800	8800	8800	8800	8800	8800	8800	8800	8800	8800	8800	8800	8800	4902.7	3729.2	4763	4852.9	4432.9	4738.6	6089	4556.8	5135.4	5082.5	4835.3	3463.3	3137.4	3090.1	4653.2	5202.3	6702.5	6549.1	4785.4	6317.6	5863.9	4630.6	5319
8800	8800	8800	8800	8800	8800	8800	8800	8800	8800	8800	8800	8800	6345.5	5266.6	972.85	6843.4	8800	8800	8800	8800	8800	8800	8800	8800	8800	8800	8800	8800	8800	8800	8800	8800	8800	8800	8800	8800	8800	8800	8800	8800	8800	8800	8800	8800	8800	8800	8800	8800	8800	8800	8800	8800	8800	8800	8800	8800	8800	8800	8800	8800	8800	8800	8800	8800	8800	8800	8800	8800	7267.3	7468.9	8800	8800	8800	8800	8800	8800	8800	8800	8800	8800	8800	8800	8800	8800	8800	8800	8800	8800	8800	8800	8800	5159.6	4485.4	3819.7	5445.4	5135	5384.9	5049.5	6801.2
3964.8	3355.4	8800	8800	8800	8800	8800	8800	8800	8800	8800	8800	8800	8800	8800	8800	8800	8800	8800	8800	8800	8800	8800	8800	6169.4	4681.7	1162.4	144.29	278.23	6245.1	8800	8800	8800	8800	8800	8800	8800	442.55	457.4	350.04	844.86	7132	7304.6	8800	8800	8800	8800	8800	8800	8800	8800	8800	8800	8800	8800	8800	8800	8800	8800	8800	8800	8800	8800	8800	8364	5660.6	2138.1	3532.2	3626.1	4606.2	6225.9	6200.1	4623.9	4849	6265.7	4818.1	4602	6314.1	5857.1	3780.3	3583.4	4652.1	2944.6	4070.9	3582.8	4927.5	4248.1	6003.5	6344.6	6306.5	4916.2	5369.8	4111.3	3587.8	5779.9	6604	6469	7024.9	6417.2	4372.2
8800	8800	8800	8800	8800	8800	8800	8800	8800	8800	8348.1	6884.7	8800	8800	8800	8800	8800	8800	8800	8800	8800	8800	8800	8800	8800	8800	8800	8800	8800	8800	8800	8800	8800	8800	8800	8800	8800	8800	8800	8800	8800	8800	8800	8800	8800	8800	8800	8800	8800	8800	8800	8800	8800	8800	8800	8005.9	8800	8800	8800	8800	8800	8800	8800	8800	8800	8800	8800	8800	8800	8800	8800	8800	8800	8800	8800	8800	8800	8800	8800	8800	8800	6005.3	8800	8800	8800	8800	8800	8800	8800	8800	8800	8800	8800	8800	8800	8800	8800	8800	8800	8800
2991.7	8800	8800	8800	8800	8800	8800	8800	8800	8800	8800	8800	8800	8800	8800	8800	8800	8800	8800	8800	8800	8800	8800	8800	8800	8800	8800	8800	8800	8800	8800	8800	8800	8800	8800	8800	8800	8800	6171.2	8800	8800	8800	8800	8800	8800	8800	8800	8800	8800	8800	8800	8800	8800	8800	8800	8800	8800	8800	8800	8800	8800	8800	8800	8800	8800	8800	8800	8800	8800	8800	8800	8800	8800	8800	8800	8800	8800	8800	8800	8800	8800	8800	8800	8800	8800	8800	8800	8800	8800	8800	8800	8800	8800	8800	8800	8800	8800	8800	8800	8800
8800	8800	8800	8800	8800	8800	8800	8800	8800	8800	8800	8800	8800	8800	8800	8800	8800	8800	8800	8800	8800	8800	8800	8800	8800	8800	8800	8800	8800	8800	8800	4668.6	8800	8800	8800	8800	8800	8800	8800	8800	8800	8800	8800	8800	8800	8800	8800	8800	8800	8800	8800	8800	8800	5693.4	8800	8800	8800	8800	8800	8800	8800	8800	8800	8800	8800	8800	8800	8800	8800	8800	8800	8800	8800	8800	8800	8800	8800	8800	8800	8800	8800	8800	8800	8800	8800	8800	8800	8800	8800	8800	8800	8800	8800	8800	8800	8800	8800	2735.5	2418.6	4804.7
8800	8800	8800	8800	8800	8800	8800	8800	8800	8800	8800	8800	8800	8800	8800	8800	8800	8800	8800	8800	8800	8800	8800	7983.4	8800	8800	8800	8800	8800	8800	8800	8800	8800	8800	8800	8800	8800	8800	8800	8800	8800	8800	6974.7	6390.7	6393.7	8800	8800	8800	8800	8800	8800	8800	8800	8800	8800	8800	8800	8800	8800	8800	8800	8800	8800	8800	8800	8800	8800	8800	8800	8800	8800	8800	8800	8800	8800	8800	8800	8800	8800	8800	8800	8800	8800	8800	8800	8800	8800	8800	8800	8800	8800	8800	8800	8800	5879.6	5129.9	6175.6	4948.4	3885.5	5105.9
8800	8800	8800	8800	8800	8800	8800	8800	1735.9	1889.2	1582.7	1408.9	5987.4	8800	8800	8800	8800	8800	8800	8800	8800	8800	8800	8800	8800	8800	8800	8800	8800	8800	8800	8800	8800	8800	8800	8800	8800	8800	8800	8800	8800	8800	8800	8800	8800	8800	8800	8800	8800	8800	8800	8800	8800	8800	8800	8800	8800	8800	8800	8800	8800	8800	8800	8800	8800	8800	8800	8800	8366.5	2237.4	6213	6936.2	8800	8800	8800	8800	8800	8800	8800	8800	8800	8800	8800	8800	8800	8800	8800	8800	8800	8800	8800	8800	8800	5164.8	4150.8	4502.9	4336.7	5541.5	6396.3	7654.4
8800	8800	8800	8800	8800	8800	8800	8800	8800	8800	8800	8800	8800	8800	8800	8800	8800	8800	8800	8800	8800	8800	8800	8800	8800	8800	8800	8800	8800	8800	8800	8800	8800	8800	8800	8800	8800	8800	8800	8800	5205.9	6545.3	8800	8800	8800	8800	8800	8800	8800	8800	1665.5	6486.9	8800	8800	8800	8800	8800	8800	8800	8800	8800	8800	8800	8800	8800	8800	8800	8800	8800	8800	8800	8800	8800	8800	8800	8800	8800	8800	8800	8800	8800	8800	8800	8800	8800	8800	8800	8800	8800	8800	5008.8	4187.8	4454.7	5567.6	7030.4	6289.4	6376.1	7240.4	7621	5859.6
8800	8800	8800	8800	8800	8800	8800	8800	8800	8800	8800	8800	8800	8800	8800	8800	8800	8800	8800	8800	8800	8800	8800	8800	8800	8800	8800	8800	8800	8800	8800	8800	8800	8800	8800	8800	8800	8800	8800	8800	8800	8800	8800	8800	8800	8800	7782.6	5334.7	8800	8800	8800	8800	8800	8800	8800	8800	8800	8800	8800	8800	8800	8800	6114.3	7437.2	8800	8800	8800	8800	8800	8800	8800	8800	8800	8800	8800	8800	8800	8800	8800	8800	8800	8800	8800	8800	8800	8800	8800	8800	8800	8800	8800	8800	8800	8800	8800	8800	8800	8184.1	8391.4	6146
2499	8800	8800	8800	8800	8800	8800	8800	8800	8800	8800	8800	8800	8800	8800	8800	8800	8800	8800	8800	8800	8800	8800	8800	8800	8800	8800	8800	8800	8800	8800	8800	8800	8800	8800	8800	8800	8800	8800	8800	8800	8800	8800	6847.6	666.31	6136.9	8800	8800	8800	8800	8800	8800	8800	8800	8800	8595.8	4743.2	8800	8800	8800	8800	8800	8800	8800	8800	8800	8800	8800	8800	8800	8800	8800	8800	8800	8800	8800	8800	8800	8800	8800	8800	8800	8800	8800	8800	8800	8800	8800	8800	6973.3	4788	5299.9	6678.2	4458.8	4865.9	5171.1	5276.6	4466.1	5871.9	5463.8
2943.7	1527.5	8800	8800	8800	8800	8800	8800	8800	8800	8800	8800	8800	8800	8800	8800	8800	8800	8800	8800	8800	8800	8800	8800	8800	8800	8800	8800	8800	8800	8800	8800	8800	8800	8800	8800	8800	8800	8800	8800	6150.3	4396.4	8501.1	8800	8800	8800	8800	8800	8800	8800	8800	8800	8800	8800	8800	8800	8800	8800	8800	8800	8800	8800	8800	8800	8800	8800	8800	8800	5010.2	8800	8800	8800	8800	8800	8800	8800	8800	8800	8800	8800	8800	8800	8800	8800	8800	8800	8800	8800	8800	8800	8800	8800	8800	8800	8800	8800	4407.2	6392	6782.4	8096.8
2437.4	7544	8800	8800	8800	8800	8800	8800	8800	8800	8800	8800	8800	8800	8800	8800	8800	8800	8800	8800	8800	8800	8800	8800	8800	8800	8800	8800	8800	8800	8800	8800	8800	8800	575.09	8760.6	8800	8800	8800	8800	8800	8800	8800	8800	8800	8800	8800	8800	8800	8800	8800	8800	8800	8800	8800	8800	8800	8800	8800	6359.7	4982.3	997.55	8800	8800	8800	8800	8800	8800	8800	8800	8800	8800	8800	8800	8800	8800	8800	8800	8800	8800	8800	8636.3	6692.1	4715.3	5948.4	5899.6	6444.7	7446.5	5912.7	5680.1	5577.6	4461.3	4821.7	5158	4312.3	3366.1	3304.5	3601.6	5090.9	6251.3
8800	8800	8800	8800	8800	8800	8800	8800	8800	8800	8800	8800	8800	8800	8800	8800	8800	8800	8800	8800	8800	8800	8800	8800	8800	8800	8800	8800	8800	8800	8800	8800	8800	8800	8800	8800	8800	8800	8800	8800	8800	8800	8800	8800	8800	8800	8800	8800	8800	8800	8800	8800	8800	8800	8800	8800	8800	8800	8800	8800	8800	8800	8800	8800	8800	8800	8800	8800	8800	8800	8800	8800	8800	8800	8800	8800	8800	8800	8800	5711.5	5433.2	5344	6711.9	8137.2	8800	8800	8800	8800	8800	8800	8800	8800	8800	8800	8800	8800	8800	8800	8800	8800
-399.03	-285.53	317.57	345.29	5600.2	6413.4	8800	8800	8800	8800	8800	8800	8800	8800	8800	8800	8800	8800	8800	8800	8800	8800	8800	8800	8800	8800	8800	8800	8800	8800	8800	8800	8800	8800	8800	8800	8800	8800	8800	8800	8800	8800	8800	8800	8800	8800	8800	8800	8800	8800	8800	8800	8800	8800	8800	8800	8800	8800	8800	8800	8800	8800	8800	8800	8800	8800	8800	8800	8800	8800	8800	8800	8800	8800	8800	8800	8800	8800	8800	8800	8800	8800	8800	8800	8800	8800	8800	8800	8800	8800	8800	8800	8800	8800	8800	6752.3	7492.5	6205.2	6609.2	8146.4
1669	3114.5	8800	8800	8800	8800	8800	8800	8800	8800	8800	8800	8800	8800	8800	8800	8800	8800	8800	8800	8800	8800	8800	8800	8800	8800	8800	8800	8800	8800	8800	8800	8800	8800	8800	8800	8800	8800	8800	8800	8800	8800	8800	8800	8800	8800	8800	8800	6740.6	7890.4	8800	8800	8800	8800	8800	8800	8800	8800	8800	8800	8800	7412.2	8800	8800	8800	8800	8800	8800	8800	8800	8800	8800	8800	8800	8800	8800	8800	8800	8800	8800	8800	8800	8800	8800	8800	8800	8800	8800	8800	8800	8800	8800	8800	7171.7	5473.1	3333.9	4570.6	4554.8	7336.1	7188.7
8800	8800	8800	8800	8800	8800	8800	8800	8800	8800	8800	8800	8800	8800	8800	8800	8800	8800	8800	8800	8800	8800	8800	8800	8800	8800	8800	8800	8800	8800	8800	8800	8800	1161	5866	6450	8800	8800	8800	8800	8800	8800	8800	8800	8800	8800	8800	8800	8800	8800	8800	8800	8800	8800	8800	5366.5	4758.6	8800	8800	8800	8800	8800	8800	8800	8800	8800	8800	8800	8800	8800	8800	8800	8800	8800	8800	6314	4092.5	4259.9	3898.5	3550.8	3809.7	3138.4	3818.9	5818.8	6394.7	6258.8	5554.6	4316.9	3257.4	3177.9	5524.6	5894.4	6956.1	6103	7555.4	4149	6479.3	5308.8	5130	4331.5
677.91	8800	8800	8800	8800	8800	8800	8800	8800	8800	8800	8800	8800	8800	8800	8800	8800	8800	8800	8800	8800	8800	8800	8800	8800	8800	8800	8800	8800	8800	8800	8800	8800	8800	8800	8800	8800	8800	8800	8800	8800	8800	8800	8800	8800	1437.8	8800	8800	8800	8800	8800	8800	8800	8800	8800	8800	8800	8800	8800	8800	8800	8800	8800	8800	8800	8800	8800	8800	8800	8800	8800	8800	8800	8800	8800	8800	8800	8800	8800	8800	8800	8800	8800	8800	8800	8800	8800	8800	8800	1297.1	7165.3	8800	8800	8800	8800	8800	8800	8800	8800	8800
7600.2	3898.2	8800	8800	8800	8800	8800	8800	8800	8800	8800	8800	8800	8800	8800	8800	8800	8800	8800	8800	8800	8800	6689.6	4416.7	7070.5	8800	8800	8800	8800	8800	8800	8800	8800	8800	8800	8800	8800	8800	8800	8800	8800	8800	8800	8800	8800	8800	8800	8800	8800	8800	8800	8800	8800	8800	8800	8800	8800	8800	8800	8800	8800	8800	8800	8800	8800	8800	8800	8800	8800	8800	8800	8800	8800	8800	8800	8800	8800	8800	8800	8800	8800	8800	8800	277.72	5033.7	8800	8800	8800	8800	8800	7495.2	6378.3	4736	5735.9	4843	5356.6	6517.6	6451.9	5615.2	7300
8800	8800	8800	8800	8800	8800	8800	8800	8800	8800	8800	8800	8800	8800	8800	8800	8800	8800	8800	8800	8800	8800	7933.8	5530.7	7549.6	8800	8800	8800	8800	8800	8800	8800	8800	8800	6597.9	8800	8800	8800	8800	8800	8800	8800	8800	8800	8800	8800	8800	8800	8800	8800	8800	8800	8800	8800	8800	8800	8800	8800	8800	8800	8800	8800	8800	8800	8800	8800	8800	8800	6963.8	5023.7	6376.3	6679.3	5837.2	5360.9	5463.3	5536.1	3696.8	3642.1	5846.7	5263.6	3989.4	6405.8	6202	4224.9	7052.9	7646.2	6145.1	5830.7	5578	2787.5	3811.9	3570.6	3560.7	4293.4	6517.4	4768.8	5888.8	6232	6619.5	5115.7
1645.9	5019.7	8800	8800	8800	8800	8800	8800	8800	8800	8800	8800	8800	8800	8800	8800	8800	8800	8800	8800	8800	8800	8800	8800	8800	8800	8800	8800	8800	8800	8800	8800	8800	8800	8800	8800	8800	934.92	8800	8800	8800	8800	8800	8800	8800	8800	8800	8800	8800	8800	8800	8800	8800	8800	8800	8800	8800	8800	6062.6	5106.9	4728.1	6142.4	7123.9	7771.8	8171.7	4711.7	5466.6	5853.3	6984.3	8145.2	8582.1	8143.5	7831.7	8131.1	7102.7	7391.3	6992.9	6638.9	5301.8	5822.7	4105.1	4713.1	5531	5077.7	4040.5	4343.6	2581.1	1739.6	4135.9	4448.8	5249.9	7242.9	6816.1	5258.8	5067.8	4323.9	2896.2	3891.8	2885.9	2886
8800	8800	8800	8800	8800	8800	8800	8800	8800	8800	8800	8800	8800	8800	816.72	8295.3	8800	8800	8800	8800	8800	8800	8800	8800	8800	8800	8800	8800	8800	8800	6720.9	1734.9	5105.2	8800	8800	8800	8800	8800	8800	8800	8800	8800	8800	8800	8800	8800	8800	8800	8800	8800	8800	8800	8800	8800	8800	8800	8800	8800	8800	8800	8800	8800	8800	8800	8800	8800	8800	8800	8800	8800	8800	8800	8800	8800	5151.5	6571	5004.4	5170.6	4860.7	6915.2	4678.4	6230.7	6781.4	6471.5	4469.8	4656.2	3536.9	2563.6	3157.3	3919.9	3262.8	3467.7	5332.5	4993.6	4636.3	5239.2	4545.4	3020.8	3335.9	5721
8800	8800	8800	8800	8800	1377.7	8289.8	8800	8800	8800	8800	8800	8800	8800	8800	8800	8800	8800	8800	8800	8800	8800	8800	8800	8800	8800	8800	8800	8800	8800	8800	8800	8800	8800	8800	8800	8800	8800	5304.5	7109.8	8138.7	8800	8800	8800	8800	8800	8800	8800	8800	8800	8800	8800	8800	8800	8800	8800	8800	8800	8800	8800	8800	8800	8800	8800	8800	8800	8800	8800	8800	8800	8800	8800	8800	8800	8800	8800	8800	8800	8800	8800	8800	8800	8800	8800	8800	8800	8800	8800	8800	8800	8800	8800	8800	8800	8800	8800	8800	8800	8800	4302.5
8800	8800	8800	8800	8800	8800	8800	8800	8800	8800	8800	8800	8800	8800	8800	8800	8800	8800	8800	8800	8800	8800	8800	8800	8800	8800	8800	8800	8800	8800	8800	8800	5792.3	8800	8800	8800	8800	8800	8800	8800	8800	8800	8800	8800	8800	8800	8800	8800	8800	8800	8800	8800	8800	8800	8800	8800	8800	8800	8800	8800	8800	8800	8800	8800	8800	8800	8800	8800	8800	8800	8800	8800	8800	8800	8800	8800	8800	8800	8800	8800	8800	8800	8800	8800	8800	5864	4705.7	2748.6	971.08	5404	8800	8800	8800	8800	8800	8800	8800	8800	8800	8800
8800	8800	8800	8800	8800	8800	8800	5331.5	487.59	7519.1	7356	8800	8800	8800	8800	8800	8800	8800	8800	8800	8800	8800	8800	8800	8800	8800	8800	8800	8800	8800	8800	8800	8800	8800	8800	8800	8800	8800	8800	8800	8800	8800	8800	8800	8800	8800	8800	8800	8800	8800	8800	8800	8800	8800	8800	8800	8800	8800	8800	8800	8800	8800	8800	8800	8800	8800	8800	8800	8800	8800	8800	8800	8800	8800	8800	8800	8800	8800	8800	8800	8800	8800	8800	7721	8483.5	8800	8800	8800	8800	8800	8800	3767.4	5337	6504.4	5860.7	6828	7348.4	6298.5	6131.8	6806
8800	8800	8800	8800	8800	8800	2222.2	8554.6	8800	8800	8800	8800	8800	8800	8800	8800	8800	8800	8800	6874	8800	8800	8800	8800	8800	8800	8800	8800	8800	8800	8800	8800	8800	8800	8800	8800	8800	8800	8800	8800	8800	8800	8800	8800	8800	8800	8800	8800	8800	8800	8800	8800	8800	8800	8800	8800	8800	8800	8800	8800	8800	8800	8800	8800	8800	8800	8800	8800	8800	8800	8800	8800	8800	8800	8800	8800	8800	8800	8800	8800	8800	8800	8800	8800	8800	8800	8800	8800	8800	8800	5932.3	4878.8	4265.8	4209.4	4583	4004.3	6353.4	6345.3	6011.1	4618.1
7207.5	8800	8800	8800	8800	8800	8800	8800	8800	8800	8800	8800	8800	8800	8800	8800	8800	8800	8800	8800	8800	8800	8800	8800	8800	8800	8800	8800	8800	8800	8800	8800	8800	8800	8800	8800	8800	8800	8800	8800	8800	8800	8800	8800	8800	8800	8800	8800	5894.5	351.95	7050.4	8800	8800	8800	8800	8800	8800	8800	8800	8800	8800	8800	8800	8800	8800	8800	8800	8800	8800	8800	8800	8800	8800	8800	8800	8800	8800	8800	8800	8800	8800	8800	5838.3	1938.1	5026.3	7558.1	8800	8800	8800	8800	8800	8800	8800	8800	8800	8800	8800	8800	8655.4	6884
1526	7621.7	8800	8800	8800	8800	8800	6546.2	2509	2847	1905.8	2917.1	5378.4	8800	8800	8800	8800	8800	8663.5	7912.6	4745.2	1927.8	859.62	1022.9	8800	8800	8800	8800	8800	8800	8800	8800	8800	5360.6	3907.5	4959	4848.1	4199	4828.1	8800	8800	8800	8800	8800	8800	8800	8800	2459.9	2309.4	2014.1	2110.4	5561.3	6619.9	8800	8800	8800	8800	8800	8800	8800	8800	8800	8800	8800	8800	8800	8800	8800	8800	8800	8800	8800	8800	8800	8800	8800	8800	8800	8800	8800	6160.5	6626.2	2069.1	1386.7	1847.8	5838.6	6097.8	8800	8800	8800	8800	8800	8800	8800	8800	8800	8800	6604.9	6272.5	6582.8
8800	8800	8800	8800	8800	8800	8800	8800	8800	8800	8800	8800	8800	8800	8800	8800	8800	8800	8800	7524.5	1310	3011.9	7151.7	8800	8800	8800	8800	8800	8800	8800	8800	8800	8800	8800	8800	8800	8800	8800	8800	8800	8800	8800	8800	8800	8800	5469.3	4227.4	3849.2	4949.4	5918.3	4385.8	6730.5	6341.2	5493.8	8800	8800	8800	8800	8800	8721.7	5175.5	5254.2	4226.9	6532.6	4327.2	4202.3	8800	8800	8800	8800	8800	8800	8800	8800	8800	8800	8800	8800	1746.3	1868.2	8800	8800	8800	8800	8800	8800	2116	2654.5	4492.5	6049.7	8800	8800	8800	8800	8800	8800	8800	8800	8800	6212
308.16	4105.4	8800	8800	8800	8800	8800	8800	7648.8	3126.1	4332.4	6550.2	6392.4	8800	8800	8800	8800	8800	8800	8800	8800	8800	8800	8800	8800	1868.4	886.02	2257.6	6591.5	8773.9	8800	8800	8800	8800	8800	8800	8800	8800	8800	8800	8800	8800	8800	8800	8460.4	741.61	3318.5	4441.2	5715.2	5838.7	5764.4	4513.5	3408	2788.5	2881.6	4040.6	8800	8800	8800	8800	8800	8800	8800	8800	8800	8800	8800	8800	8800	8800	8800	8800	8800	7488.9	3017.2	2583.1	2195.8	3455.8	5630.4	7737	8800	8800	8800	8800	8800	8800	8800	8800	8800	8800	8800	8800	8800	8800	6566	5339.6	1450.5	1967.3	1432.8	5680.6
5917.3	8800	8800	8800	8800	8800	8800	8800	8800	8800	8800	7272.6	2448.5	2542.1	2557.5	8800	8800	8800	8800	8800	8800	8800	8800	8800	8800	8800	8800	8800	8800	8800	8800	8800	8800	8800	8800	8800	8800	8800	8800	3914.8	3984.7	3264	2898.2	7682.7	8800	8800	8800	8800	8800	8800	8800	8800	7364.2	5728.7	2246.4	3074.7	1424.7	4099.4	4772.5	8800	8800	8800	8800	8800	8800	8800	8800	6189.4	516.6	948.56	6088.7	8800	8800	8800	8800	8800	8800	8800	8800	8800	8800	8800	8800	5027.8	6134	5132.8	3373.1	3332.9	3523.7	2965.3	7361.2	8800	8800	8800	8800	8800	8800	8800	8800	7062.9
8800	8800	8800	8800	8800	8800	8800	8800	8800	8800	8800	8800	8800	8800	8800	8800	8800	8800	8800	5945.6	2444.8	1555.9	6669.2	8800	8800	8800	8800	8800	8007.5	5980.1	5931.3	5867.6	5716.1	5771.9	7190.9	7735.4	8064.5	7745.3	8357.4	8525.4	7799.3	7559.2	8800	8800	8800	8800	8800	8800	8800	8800	8800	8800	8800	2323	6491.7	8800	8800	8800	8800	8800	8800	8800	8800	8800	8800	8800	8800	8800	8800	7325.9	2503.8	2412.7	3255.8	7286.3	8800	8800	8800	8800	8800	8800	8800	8800	8800	8800	8800	8800	8800	8800	8800	8800	8800	8800	7871.2	7700.4	2296.3	8729.4	8800	8800	8800	8800
1849	918.14	1306.1	1455	1667.9	1253.6	2245.5	2181.7	6568.8	7602.1	7838.7	8038.5	7888.5	5377.8	4755.6	4839	4474.9	4417.8	5116.6	4237.5	5064.7	8800	8800	8800	8800	8800	8800	8800	8800	8800	8800	8800	8800	8800	8800	8800	8800	8800	8800	7854.7	2311	2367.5	2477.7	1454.7	8800	8800	8800	8800	8800	8800	8800	8800	8800	8800	8800	8800	8800	8800	8800	8800	8800	8800	8800	5418.9	5438.7	1821.4	2195.1	2632.5	8800	8800	8800	8800	8800	8800	8800	8800	8800	8800	8800	8066.9	3407.4	1798.5	1885.1	2404.1	8800	8800	8800	8800	8800	8800	8800	8800	8800	8800	8800	8800	8800	8654.4	7050.2	5987
8800	8800	8800	8800	8800	8800	8800	8800	8800	8800	8800	8800	8800	8800	8800	8800	8800	8800	8800	8800	8800	8800	8800	8800	8800	6464.7	4845.5	1391.1	2936.1	7680.9	8800	8800	8800	8800	8800	8800	8800	8496.1	4438.6	2880	3098.7	2737.1	3316.4	4746.9	7834.2	8800	8800	8800	8800	8800	8800	8800	8800	8800	7955	4411.9	4747	4031.4	4424.4	3175.5	4681.3	5491.7	8800	8800	8800	8800	8800	5229.8	2956.2	3386.2	6726.6	8800	8800	8800	8800	8800	8800	8800	8800	8800	8800	8800	7844	5540.5	1677.1	1371.3	1738.3	7620.9	8800	8800	8800	8800	8800	8800	8800	8800	8800	8800	7248.2	6161.7
5360.3	8800	8800	8800	8800	8129.2	1135	8800	8800	8800	8800	8800	8800	8800	8800	8800	8800	8800	8800	8800	8800	8800	6067.5	6580.6	6738.8	8257.6	7080.4	7548.9	7205.8	7341.5	6792.9	7101.5	8800	7760.6	7620.3	7237.3	8330.6	6455.2	8096.7	7381	5950.5	4454.2	3796.9	7019.3	8800	8800	8800	8800	8800	8800	8800	8800	8800	8800	8800	8800	8800	8800	8800	8800	8800	2706.4	2809.5	3061.3	8800	8800	8800	8800	8800	8800	8800	8800	8800	8800	8800	8800	8800	8800	8800	8800	7425.8	5047.9	5078.3	7134.9	8800	8800	8800	8800	8800	8800	8800	8800	8800	8800	3157.3	3081.9	2780	3464.8	5063.5	4779.8
3117.4	2426.7	8800	8800	8800	8800	8800	8800	8800	8800	8800	8800	8800	8800	6156.2	6280.7	8800	8800	8800	8800	8800	8800	8800	8800	8800	8800	8800	8800	8800	7567.9	4457.2	2286.8	3463	4493.7	5397.5	4798	8800	8800	8800	8800	8800	8800	8800	8800	8800	8800	8800	8800	8800	8800	6376.4	8431.3	8147	8800	8800	5426.2	3963.7	5771.1	6939.2	5675.1	6672.2	7067.2	7056.4	6099.8	8718.2	8800	8800	8800	8800	8800	8800	8688.4	4971.4	4548.9	4384.8	3673.1	3111.6	5691.3	8800	8800	8800	8800	8800	8800	8800	8800	8800	8800	8800	8800	8800	8800	8800	8800	8800	8800	8800	8800	8800	8800
1604.5	5117.6	8800	8800	8800	8800	8800	8800	8800	2112.8	8800	8800	8800	8800	8800	8800	8800	8800	6059.8	3871.8	4039.9	2822.2	3683.6	3885.9	8800	8800	8800	8800	8800	8800	8800	8800	8800	8800	8800	8800	8800	8800	8800	8800	1754.4	1441.3	2032.9	4937.9	6331.4	8800	8800	8800	8800	8800	8800	8800	8800	8800	8800	8800	8800	8800	8800	8800	8800	8800	8800	8800	8800	8800	5080.5	5590	5887.8	5679.1	6373.8	7626.6	6574.4	5597.9	4708.2	7738.5	7171	8800	8800	8800	8800	8800	8800	8800	8800	8800	8800	8800	8800	8800	8800	8800	8800	8800	2262.1	6418.6	7745.2	6223.4	7114.1	6937
8800	5427.4	3732	2986.6	2608.8	1143.5	1971.4	5430.2	8800	8800	8800	8800	8800	8800	8800	8800	8800	8800	8800	8800	8800	8800	5449.8	8249.4	8800	8800	8800	8800	8800	8800	8800	8800	8800	8800	8800	8800	8800	8800	8800	8800	8800	8800	8800	8800	8800	8800	8800	8800	8800	8800	8541.7	5238	718.16	5562.3	8800	8800	8800	8800	8800	6454.3	6435.9	5708.3	5477.3	5542.2	3990.4	4579.4	5925.7	8800	8800	8800	8800	8800	8800	8800	8800	8800	8800	8800	8800	8800	8800	8800	8800	8800	8800	8800	8800	8800	8800	8800	8800	8800	2778.1	2926.3	3441.5	3009.1	3788.1	4405.5	5179.3	4488.3
1176.2	7561.4	8800	8800	8800	8800	8800	8800	8800	8800	8800	8800	7043.1	8800	4744.7	5782.7	4968.5	6092.2	5468.2	6290.9	5928.7	5917.1	4183.8	2134.9	5301.1	8471.2	8800	8800	8800	8800	8800	8800	6895.3	1338.9	5217.5	7459.7	8800	8800	8800	8800	8800	8800	8800	7959.1	2232.4	6797.1	8800	8800	8800	8800	8800	8800	8800	6531.6	6585.7	6215.2	8152.9	7309.7	7714.7	7453.4	7072.4	6493	7101.2	6441.7	4840.8	8800	8800	8800	8800	8800	8800	8800	8800	8800	8800	8800	8800	8800	8713.7	6838.7	5967	5324.5	5921.5	5246.8	5345	4875.7	4201.7	4265.9	4885.8	4056.6	4085.4	4325.6	5284.8	4807.5	4508.1	4356.7	6175.7	5486.2	5623.6	5060.4
1221.3	5082.9	4517.3	3412.3	2826.9	2915.5	3771.6	6469.1	8800	8800	8800	8800	8800	8800	8800	8800	8800	8800	8800	8800	8800	8800	8800	8800	8800	8800	8800	8800	8800	4454.1	4456.2	2229	1728	2519.7	6364.2	6687.1	8800	8800	8800	8800	8800	8800	8800	8800	8800	8800	8477.9	6429.2	3085.4	3415.2	1935.2	7293.7	8800	8800	8800	8800	8800	8800	8800	8800	8800	8800	8800	8073.3	4976.9	731.37	5042.9	7501.8	8278.6	8800	8800	7639.8	5452.6	6212.4	5341.8	4617.6	4703.5	6204.6	4684.6	6902.4	8800	8800	8800	8800	8800	8800	8800	8800	8800	8800	8800	8800	8800	8800	8800	8800	8800	8800	8800	8800
8800	8800	8800	8800	8800	6388.9	7009.9	7192.4	7612.8	6782.4	8202.5	8132.5	8042.6	7496.4	8299.8	7180.7	7499.5	6392	8338.3	8318.1	8800	8800	8800	8800	8800	8800	8800	8800	8800	8800	8800	8800	8800	6554.9	6158.5	2071.4	2398	6903.5	7548.1	8800	8800	8800	8800	8800	8800	8800	8800	8293.7	5261.1	2271.6	1926.7	8800	8800	8800	8800	8800	8800	8800	8800	8800	8800	8800	8800	8800	8800	8800	8800	8800	8800	2295.4	8800	8800	8800	8800	8800	8800	8800	8800	8800	2086.5	2313.4	5922.5	8674.8	8800	8800	8800	8800	8800	8800	8800	8800	8800	8800	8800	8800	8800	8800	8800	8800	8800
827.38	8800	8800	8800	8800	8800	8800	8800	8800	8800	8800	8800	8800	8800	8800	8800	8800	8800	8800	8800	8800	8800	8800	8800	8800	1398.9	1038	4283.1	8800	8800	8800	8800	8800	8800	8800	8800	8800	8800	8800	8800	8800	8800	8800	8800	8800	5165.4	3797.7	2416.5	2718	6592.5	8800	8800	8800	8800	8800	8800	8800	8800	8800	8800	8800	8800	8800	8144.5	6417.8	2417.1	1926.5	1281	1042.7	8800	8800	8800	8800	8800	8800	8800	8800	8800	4137.8	3469	3099.5	2839	3929.1	3624.1	8329.7	8800	8800	8800	8800	8800	4651.1	3544.1	2983.4	2248.8	2049.8	8800	8800	8800	8800	8800
637.58	576.65	668.41	4993.5	4367.9	4319.7	4151.1	4221.8	2477.3	2964.5	5620.8	6662.9	6860.9	8800	8319.2	5552.8	5760.4	6922.7	3564.4	3764.4	5609.5	7179.6	7374.7	8800	8800	8800	8800	8800	8800	8800	8800	8800	8800	8800	8800	8800	8780.5	830.31	5263.8	7656.5	8800	8800	8800	8800	8800	8800	8800	8800	8800	8800	8800	8800	8800	8800	8800	8800	8800	8800	8800	8800	8800	8800	8800	8800	4649.5	5059.8	4741.6	6355.9	4018.7	7757.7	8800	8800	8800	8800	8800	8800	8800	8800	8800	8800	8800	7557.6	4992	6720.2	5231.2	5735.6	5923	6209.3	4695.1	5088.2	5412.8	5537.9	7364.1	6696.4	6422.2	5403.7	5717.8	4799.9	6570.7	6539.1
2251	4752	3952.7	3100.3	2759.6	3132.9	1763.6	2977.5	5015.6	7381.9	8800	8800	8800	8800	8800	2927.7	2122.7	1767.8	2967.2	6392.1	8800	8800	8800	8800	8800	8800	8800	8800	8800	8800	8800	8800	8800	8800	8800	8800	8800	8800	8800	8800	8800	8800	8800	4508.8	4792.9	5569	4988.8	3528	2714.6	5613.1	8800	8800	8800	8800	8800	8800	8800	8800	8800	8800	8800	8800	8800	8800	624.04	5822.1	7610.7	8800	8800	8800	8800	8800	8800	8800	8800	8800	8800	8800	8800	8800	8800	6945	3644.7	2979.6	3313.1	2605.6	3524.6	6183.3	7661.7	8800	8800	8800	8800	8800	8800	8800	8800	8800	8800	8800
8800	8800	8800	8800	8800	7612.9	4862.8	5384.4	6545.6	5837.9	4920.6	3800	2780.7	7635.5	8800	8800	8800	8800	8704.1	2597.8	2170.6	2377.2	3326.1	8628.4	8800	8800	8800	8800	8800	8800	8800	8800	8800	8800	8800	8800	8800	8800	8800	8800	8800	8800	8800	5650.1	4339	4272.7	1869.8	1725.1	3271.3	7018.4	8800	8800	8800	8800	8800	8800	8800	8800	8800	8800	8800	8800	8800	8800	7197.7	1357.9	1283.3	8519.8	8800	8800	8800	8800	8800	8800	8800	8800	8800	8800	8800	8800	8800	8800	8800	8800	8800	8800	8800	8625.6	5741.9	2234	3125.5	5654.7	8800	8800	8800	8800	8800	8800	8800	8600.4
1637.3	1314.8	8800	8800	7543.2	7264.8	7952.4	1553.7	1578.9	6275	8800	8800	8800	8800	8800	8800	8800	8800	8800	8800	8800	8800	8800	8800	8800	6300.3	3932.3	4047.2	3458.7	3049.7	3975.5	4258.2	7161.2	8800	8800	8800	8800	8800	8800	8800	8800	8800	8800	8800	8800	8800	8800	8800	8800	8800	8800	8800	8800	8800	8800	7314.4	1131.1	5254.1	8800	8800	8800	8800	8800	6701.1	4428.1	4647.5	3665.6	3685.2	3508.7	8800	8800	8800	8800	8800	8800	8800	8800	8800	8800	8800	8800	8800	8800	8800	8800	8800	4419.5	3579.4	2915.6	2920.7	4464.1	6428.9	7109	7111.4	7313	7518.9	5650.1	4953.9	4540.4	4634.9
8800	8800	8800	8800	8800	8800	8800	8800	8800	7318.7	8139.4	7396.4	7792.9	8446.4	8447.8	7934.1	8512	7625.8	8018.8	7734.7	6805.9	8163	7295.9	7226.3	8800	8800	6347.7	6347.1	8800	6476.5	8800	8800	8800	8800	8800	8800	8800	8800	8800	8800	8800	8800	5713.3	8800	8800	8800	8800	8800	8800	8800	8800	8800	8800	8800	8800	8050.4	8800	8800	8800	8800	8800	8800	8800	8800	8800	8800	8800	8800	8800	8800	8800	8800	8800	8800	8800	8800	8800	8800	8800	8800	8800	8800	8800	8800	8800	6556.5	4423	6459	5454.3	4810.2	5248.8	8294.5	5039	8800	8800	8800	8800	8800	8800	8800
3312.6	6255.5	8800	8800	8800	8800	8800	8800	8800	8800	8800	8800	8800	8800	8800	8800	8800	8800	8800	5512.5	2882.6	2655.5	6495.3	8800	8800	8800	8800	7911.2	5617.5	430.38	4657.6	8800	8800	8800	8800	8800	8800	8800	8800	8800	8800	3699	2988.5	2537.9	2647	2624.5	8800	8800	8800	8800	8800	8800	8800	8800	8800	8800	8800	8800	8800	8800	8800	8800	8800	8800	8800	8800	8800	8800	8800	8800	8800	8800	8800	8800	8800	8800	8800	8800	7714.5	3259.8	1150.6	3775.1	7892.3	8800	8800	8800	8800	8800	8397.5	6306.7	5771.7	5715	6133.9	5161.9	4420.1	5450.5	5398	5916.5	7785.5	8800
8800	8800	8800	8800	8800	8800	8800	8800	7215.7	4734.1	1714.7	6116.2	7384.3	8800	8800	8800	8800	8800	8800	8800	4798.2	4659.7	2619.4	4177.7	5317	6893.8	8800	7684.6	6700.5	5807.1	4066.3	3111.8	3064	6657.8	8800	8800	8800	8800	8800	8800	8800	6383.3	2017.3	2387.9	3712.4	8800	8800	8800	8800	8800	8800	8800	8800	8800	8800	8800	8800	8800	8090.4	7003.7	7913.5	8800	7015.4	7357.6	7467.4	6139.5	6490	4204.9	5511.5	8483.7	8300.9	8800	8800	8800	8800	8800	8800	8800	8800	8800	8800	8800	8800	8800	8800	8800	8800	8800	8800	8800	8800	8800	8800	8800	8800	8800	8800	8800	4693.5	6336.5
712.1	1934.2	8800	8800	8800	8800	8800	8800	8800	8800	5119.1	655.91	7347.2	8800	8800	8800	8800	8800	8800	8800	8800	8800	8800	8800	8800	8800	8800	8800	8800	8800	8800	8800	8800	8800	8800	8800	8800	8800	8800	8800	8800	8800	8800	8800	8800	8800	8800	8800	8800	5214	1836.5	1967.1	7254.3	8800	8800	8800	8800	8800	7278.6	7019.7	6078.6	5260.3	5687.1	6170.2	6152.1	7856.3	7193	8800	7700.6	8800	7043	7563.8	7905	8800	8800	8800	8800	8800	8800	8800	8800	8800	8800	8800	7139.9	5242.4	1324.8	8800	8800	8800	8800	8800	3863.4	5643.9	8722.2	7986.6	8800	8800	8800	8800
1957.3	8800	8800	8358.8	7251.7	7357.9	2462.3	1216.3	1131.2	5006.6	8485.7	8800	8800	8800	8800	8800	8800	8800	8800	8800	8800	8800	8712.4	7109.8	6649.3	5133.5	2978	4491.5	7198.1	8698.3	8800	8800	7653	5293.5	1918.6	1033.7	1527.8	6231.2	8800	8800	8800	8800	8800	8800	8800	8800	8800	8800	8800	8800	6735.8	2458.4	2171.1	5030.8	6228	8800	8800	8800	8800	8800	8800	8800	8800	8800	8800	8800	8800	8800	8800	8800	8800	4944.6	6827.3	6687.6	5488.6	5413.8	4853.9	4165	6669.4	6912.2	8800	8800	8800	8800	8800	8800	8800	8800	8800	8800	8800	8800	8800	8800	8800	8800	8800	8800	8800	8800
8800	8800	8800	8800	8800	8800	8800	8800	8800	8800	8800	8800	8800	8800	8800	8800	8800	8800	8800	8800	8800	8800	8800	8800	8800	8800	8800	8800	8800	7693.6	2227.5	1467.8	5463.6	8800	8800	8800	8800	8009.7	4007.2	1353.5	4385.8	5183.7	6854.5	7707.7	8800	7142.6	7526.9	6978.2	6744.3	5137.8	6347.7	6259.5	6300.8	6004.4	7418.7	6981.9	6708.4	7275.3	8800	8800	8800	8800	8800	8800	8800	8800	8800	8800	8800	8800	8800	8800	8591.1	1952	2121.6	7445.7	8800	8800	8800	8800	8800	8800	8800	8800	8800	8800	8800	8800	8800	8800	8800	8800	8800	8800	1986.1	2569.6	3863.7	6234	6892.6	8800
2648.2	2725.7	1794.8	1414.1	1235	5347	8185.6	8800	8800	8800	8800	8800	8800	8800	8800	8800	8800	8800	8800	8800	8800	8800	8800	8800	8800	8800	8800	8800	8800	8800	8800	8800	8800	8800	8800	8800	8800	8800	8800	8800	4585.4	6561.4	6074	5475.3	5354.5	5708	6011.3	7123.6	8800	8800	8800	8800	8800	8800	8800	8800	3610.7	4444.3	6569.4	8022.7	8800	8800	8800	8800	8800	8800	8800	8800	8800	8800	8800	7646.9	6363.5	5208.1	8800	8800	8800	8800	8800	5094.9	7119.8	6102.6	6519.2	6594.9	6964.3	8800	8059.5	8800	8800	8800	8800	8800	8800	8800	8800	8800	8800	4727.7	4188.4	4320.8
8800	8800	8800	8800	8800	8800	8800	8800	8800	8800	8800	8800	8800	8800	8800	8800	8800	8800	8800	8800	8800	8800	8800	8800	8800	8800	8800	8800	8800	8480.1	8079.6	8773.8	8800	8800	8800	8800	8800	8800	8246.6	8510.4	8800	8556.2	8800	8793.8	8800	8800	8800	8380.6	8800	8800	8800	8800	8800	7932.7	7917.9	8800	8800	8800	8800	8800	8800	8800	8800	8800	8800	8800	8800	8800	8800	8800	8800	8800	8800	8800	8800	8800	8800	8800	8800	8800	8800	8800	8800	8800	8800	8800	8800	8800	8800	8800	8800	8800	8800	8800	8800	8800	8800	8800	8800	8800
7935.6	8800	8800	8800	8800	8800	8800	8800	8800	8800	8466.1	6046.9	4076.6	3068.4	3772.8	3467.7	4625	5469.2	5136.4	8800	8800	8800	8800	8800	8800	8800	8800	8800	8800	8800	8800	8800	8800	8800	3497.2	3770.7	2131	6630.5	8800	8800	8800	8800	8800	8800	8800	8800	8800	8800	7926.5	5133.8	3080.1	1775.5	1836.1	3313.9	6013.7	8800	8800	8800	7832.7	4691.1	200.62	7186	8800	8800	8800	8800	8800	8800	8800	8800	8800	8800	8800	8800	8800	8800	8800	7390	2586.6	3281.5	4451.2	4079.4	4802.1	7404.3	8800	8800	8800	8800	8800	8800	8800	8800	8800	8800	8800	8800	8800	8800	8800	8800
8800	8800	8800	8800	8800	8800	8800	5938.4	2048.1	3876.8	5894.3	6525.4	8800	8800	8800	8800	8800	8800	8800	8800	8800	8800	8800	7431.1	4728.9	2531.2	3012.1	2282.3	6927.5	8800	8800	8800	8800	8800	8800	8800	8800	8800	8800	6411.3	3438.3	1335.3	2757.5	3624.5	5353.3	5209.5	8800	8521.4	8800	8800	8800	8800	8800	8800	8800	8800	6742.3	1797.6	1768.4	2312.9	7509.4	8800	8800	8800	8800	8800	8800	8800	8800	8800	8800	8800	8800	8800	8800	8800	2578.5	2902.5	3808.7	4468.6	4529.7	4196.6	8130.5	8800	8800	8800	8800	8800	8800	8800	8800	8800	8800	8800	8129.8	7701	5679.3	4747.1	4905.3	5125.3
4211.6	8652.1	8800	8800	8800	8800	8800	8800	8800	8800	8800	8800	8800	8800	8800	8800	8800	8800	8800	8800	8800	8800	8800	8800	8800	4874.4	4611.9	1079.6	4452	4572.6	8800	8800	8800	8529.6	8800	4312.1	4436.1	3984.1	4760.4	4187.4	4192.6	8800	8800	8800	8800	8800	8800	3067.1	2640.6	3129.5	1723.6	8800	8800	8800	8800	8800	8800	8800	8800	8800	8800	8800	8800	8800	8800	8800	8800	8800	8800	8526.8	8679.1	4876.5	4755.9	4471.9	3785.3	3011.7	4562.6	7953	8800	8800	8800	8800	8800	8800	8800	8800	8800	8800	8800	8800	8800	7681.7	6662.3	1442.1	1414.5	1672.7	8800	8800	8800	8800
